timestamp,open,high,low,close,volume
2020-03-27,165.0000,165.0000,153.5000,156.8000,7324606
2020-03-26,150.4500,169.0000,147.0000,156.5000,7345437
2020-03-25,139.3000,151.9000,136.3000,147.5000,4970724
2020-03-24,149.0000,150.8000,131.0000,141.9500,8100910
2020-03-23,134.0000,148.0000,133.5000,143.4000,6129390
2020-03-20,124.2000,155.9000,122.8000,148.1500,16272699
2020-03-19,149.9000,149.9000,120.0500,124.0500,22843626
2020-03-18,194.4000,202.5500,148.0000,149.9000,16816484
2020-03-17,209.9000,214.5000,190.7000,194.4000,7162946
2020-03-16,219.8000,220.9000,203.0000,209.4000,6990093
2020-03-13,221.0000,241.7000,208.0500,227.2500,10869349
2020-03-12,207.0000,224.5000,207.0000,221.3000,8429211
2020-03-11,209.0000,226.7000,207.0000,224.7500,9057664
2020-03-09,196.0000,215.0000,195.3000,211.0000,6976193
2020-03-06,209.7000,209.7000,201.0000,203.7000,3489700
2020-03-05,222.7000,223.7500,211.6000,214.7000,6312226
2020-03-04,219.3500,223.0000,215.8000,221.0500,4051461
2020-03-03,220.0000,225.0000,213.0500,219.3500,4885039
2020-03-02,216.0000,226.2500,210.2000,216.8500,5593236
2020-02-28,217.0000,218.0000,211.1500,214.4500,5003761
2020-02-27,218.7500,225.4000,215.2000,223.1000,8207359
2020-02-26,216.3000,221.4000,211.0000,218.7500,7463028
2020-02-25,219.5000,221.9000,207.7500,216.3000,12279734
2020-02-24,242.0000,242.0000,207.5000,215.9500,19291593
2020-02-20,225.5000,231.0000,224.6000,226.2000,10358700
2020-02-19,215.0000,228.2000,212.2500,225.1000,22582088
2020-02-18,235.4000,235.4000,200.7000,210.0000,23923588
2020-02-17,234.8500,239.9500,232.0000,235.0000,4423991
2020-02-14,246.0000,251.0000,227.7000,235.4500,15878119
2020-02-13,247.5000,247.7000,242.0500,244.8500,1929975
2020-02-12,248.0000,248.0000,242.2000,243.3500,2183986
2020-02-11,243.0000,249.0000,241.2000,248.8000,3205776
2020-02-10,245.5500,252.7500,238.3000,239.8000,4269585
2020-02-07,245.0000,249.0000,242.4000,247.8000,2361756
2020-02-06,246.0000,251.0000,240.6000,244.8500,3801748
2020-02-05,242.0000,251.0000,240.0000,246.0500,5424629
2020-02-04,234.5000,242.5000,231.0000,240.0500,7292340
2020-02-03,243.3000,248.0000,222.4500,229.3000,13622443
2020-01-31,247.0000,253.8000,243.7000,248.3000,5811965
2020-01-30,245.2000,249.5000,241.2000,246.1500,5037540
2020-01-29,240.9000,246.9000,238.3500,245.2000,5089013
2020-01-28,242.0000,243.9500,232.6500,237.6000,3982125
2020-01-27,243.0000,243.5000,239.0000,241.8500,2599568
2020-01-24,240.0000,245.9000,238.5000,244.3000,3975793
2020-01-23,239.2000,243.7500,235.4500,242.2000,4466738
2020-01-22,244.8500,245.0000,235.5000,241.0000,9193629
2020-01-21,224.4000,243.5500,224.4000,240.5000,24634362
2020-01-20,219.0000,227.9000,218.2500,221.8500,13282147
2020-01-17,218.7500,228.6000,210.2500,218.2500,28282727
2020-01-16,247.0500,249.1500,240.9500,243.0500,2911756
2020-01-15,248.2000,252.1500,245.5000,247.0500,3494541
2020-01-14,246.5000,249.2000,245.6500,247.9000,2707073
2020-01-13,251.4500,252.8000,243.6000,246.4500,5355328
2020-01-10,251.0000,256.9000,248.7000,249.4500,7865194
2020-01-09,240.0000,252.5000,239.8500,250.6000,9394608
2020-01-08,238.0500,238.5000,233.2000,236.3000,4677084
2020-01-07,242.5000,246.9000,237.1500,238.2500,4818126
2020-01-06,247.1000,247.7000,242.0000,242.7500,2717925
2020-01-03,254.2000,255.8500,243.7000,248.1500,3954085
2020-01-02,257.0000,257.5000,252.7000,253.6500,2877511
2020-01-01,254.0000,258.4500,252.9000,254.4500,5109979
2019-12-31,255.5000,260.6500,251.2500,252.5000,6661439
2019-12-30,255.4500,258.7000,254.0000,255.3000,3041224
2019-12-27,254.9000,258.9500,252.7000,255.7000,3880157
2019-12-26,255.0000,260.4500,251.6500,256.2000,7148144
2019-12-24,255.0000,257.8000,252.5000,255.3000,5122180
2019-12-23,252.8000,255.9000,249.0000,254.6000,6088785
2019-12-20,251.8500,262.9000,251.1500,253.2500,17280490
2019-12-19,249.0000,254.3000,247.5000,251.8000,8182741
2019-12-18,251.0000,253.0000,246.4000,250.3000,6687638
2019-12-17,249.0000,251.4000,244.6500,248.2000,9029823
2019-12-16,256.5000,259.9000,246.1500,248.2500,10418127
2019-12-13,253.7500,256.4500,246.0500,252.4000,7635565
2019-12-12,256.1000,259.5000,248.6000,252.2000,7644969
2019-12-11,256.0000,262.6000,252.3000,254.6000,13423416
2019-12-10,259.0000,259.0000,252.1500,254.1000,7836507
2019-12-09,258.0000,262.0000,252.5000,260.4000,12122619
2019-12-06,247.6000,262.0000,247.5500,259.7000,29550642
2019-12-05,252.7000,256.8000,244.1000,246.0500,13085258
2019-12-04,250.0000,261.0000,242.5000,248.9500,35960053
2019-12-03,269.6500,269.6500,237.1000,248.4500,36918534
2019-12-02,284.3000,296.5000,260.4500,265.5000,26310842
2019-11-29,250.0000,283.8000,238.0000,276.3000,52305477
2019-11-28,227.0000,261.0000,227.0000,256.6000,44381478
2019-11-27,235.0000,240.4000,223.2500,225.3000,11954026
2019-11-26,244.0000,244.0500,231.0000,232.6500,15371490
2019-11-25,233.3000,251.9500,232.6000,250.1500,18326933
2019-11-22,242.0000,243.0000,227.4000,232.0000,18160133
2019-11-21,243.9500,245.6500,231.3000,241.9000,14777175
2019-11-20,257.1000,260.3000,237.5000,240.9000,24039955
2019-11-19,227.9500,259.8500,227.7000,250.5500,25783702
2019-11-18,226.0000,233.7500,221.9500,226.8000,16131688
2019-11-15,203.9500,234.0000,203.0500,227.1500,20249326
2019-11-14,205.0000,211.2500,198.7500,208.6500,13453599
2019-11-13,221.9000,221.9000,216.0500,218.2000,4721406
2019-11-11,218.3000,222.0000,213.5000,220.5500,7179974
2019-11-08,229.0000,229.0000,216.0000,218.3000,8452515
2019-11-07,223.0000,230.9500,222.5000,229.4500,10721436
2019-11-06,222.0000,223.9500,216.2000,221.1500,13269159
2019-11-05,217.8000,224.2500,212.4000,222.1500,9851993
2019-11-04,207.4500,217.6000,207.4500,214.8500,16966469
2019-11-01,190.0000,204.3000,189.7000,202.4500,23457512
2019-10-31,183.0000,193.0000,177.6000,189.7000,25419009
2019-10-30,193.1500,199.8500,176.3500,183.2000,35136167
2019-10-29,211.5000,214.4000,190.8500,193.1500,25065956
2019-10-27,211.5132,211.5274,210.1104,211.5000,124018
2019-10-25,238.0000,238.0000,212.9500,217.0000,21536622
2019-10-24,255.0000,258.3000,234.4000,237.5500,14258378
2019-10-23,256.8000,260.7000,252.4000,259.3500,2203222
2019-10-22,266.0000,266.0000,256.2500,258.8000,3366265
2019-10-18,256.8000,263.0000,254.0000,261.6000,3004253
2019-10-17,255.0000,257.9500,253.5500,256.9500,2696714
2019-10-16,256.4000,258.2500,251.8500,257.1000,2770291
2019-10-15,258.5000,260.4000,255.2500,256.9500,1842773
2019-10-14,259.0000,261.4500,255.6000,259.4500,2030766
2019-10-11,256.6500,259.6000,252.3500,258.1500,1556248
2019-10-10,257.4000,265.6000,251.5500,256.9000,3932579
2019-10-09,246.8500,261.0000,244.5000,255.8500,2574081
2019-10-07,246.0000,247.9500,244.6500,246.0500,951115
2019-10-04,248.2500,249.0000,245.0500,245.7000,1485553
2019-10-03,249.9000,250.5500,245.7000,248.2500,1812820
2019-10-01,257.8000,258.9500,244.7500,249.0000,2430598
2019-09-30,255.9500,259.7000,250.4500,257.3000,2066415
2019-09-27,258.0000,259.2000,252.3000,256.6000,2152148
2019-09-26,258.0000,261.4500,256.3000,258.5500,3657682
2019-09-25,256.7500,259.3500,251.5500,257.3500,4004448
2019-09-24,262.0000,268.7500,254.6500,257.6500,2774080
2019-09-23,260.8000,273.0000,259.5000,263.8000,4244471
2019-09-20,250.4500,263.2500,249.1000,259.1500,6225273
2019-09-19,253.1000,253.7000,247.0500,249.4000,4111416
2019-09-18,251.3000,255.7500,249.2500,253.5000,2615368
2019-09-17,251.9500,251.9500,247.0000,250.2000,5647217
2019-09-16,252.0500,254.6000,248.7500,251.9500,1991658
2019-09-13,250.7500,255.4500,249.3000,254.4000,1268239
2019-09-12,252.8000,252.8000,248.7000,250.7500,3142907
2019-09-11,252.7000,254.8000,249.8500,253.2000,1822217
2019-09-09,251.5000,253.9000,247.6000,252.9500,847672
2019-09-06,249.5000,251.8500,245.0000,250.3500,1416878
2019-09-05,248.1000,249.7000,247.1000,248.2000,1817635
2019-09-04,249.4500,252.4500,246.2500,248.0500,1825938
2019-09-03,248.8000,256.3500,246.7000,248.2500,2517752
2019-08-30,257.8500,257.8500,247.3500,250.4500,2422188
2019-08-29,246.3500,264.3500,245.3500,258.4500,2754757
2019-08-28,245.9500,250.5000,244.4000,248.8000,1090082
2019-08-27,245.7000,247.9500,242.8500,245.0500,2151969
2019-08-26,247.7000,250.1000,242.1500,245.4500,922855
2019-08-23,246.5500,248.4000,241.1500,246.9500,2095868
2019-08-22,246.1000,248.7500,244.2500,246.5500,1636043
2019-08-21,254.0500,255.7500,246.7000,248.2500,1594454
2019-08-20,253.0500,258.5000,252.4000,255.5500,1988944
2019-08-19,251.5500,259.5000,250.0500,255.3000,3545851
2019-08-16,249.0000,251.0000,243.5000,249.2000,2114865
2019-08-14,246.7000,252.0000,246.2000,248.8500,1684846
2019-08-13,250.0000,253.4500,243.8000,246.6500,3187220
2019-08-09,250.2500,255.0000,248.2000,252.0500,1850151
2019-08-08,246.5000,253.5500,246.0500,250.2500,2356514
2019-08-07,246.8000,249.8500,241.0000,245.5500,3169188
2019-08-06,244.0000,248.5000,243.0000,246.1000,2094531
2019-08-05,249.0000,250.8500,242.1500,245.3500,3104706
2019-08-02,249.0000,254.3000,245.3000,251.4000,2137582
2019-08-01,245.7500,253.9500,244.0000,250.9500,5097970
2019-07-31,249.0000,250.0000,238.7000,245.7500,2619952
2019-07-30,257.0000,259.5000,245.1000,249.5500,2919377
2019-07-29,269.5000,270.0500,255.0500,256.5000,2740198
2019-07-26,263.9500,271.8000,263.1000,270.2000,1960464
2019-07-25,269.6000,279.8500,259.3000,261.9000,8454229
2019-07-24,261.3000,266.7000,260.6000,264.1500,2286092
2019-07-23,262.0000,265.6000,258.0500,261.8000,1800133
2019-07-22,259.6000,268.3000,258.5500,264.0500,2207103
2019-07-19,264.0000,266.8500,257.2000,259.5000,1446163
2019-07-18,264.0000,264.7500,261.5000,263.1500,1411051
2019-07-17,263.0000,265.9000,262.0000,264.0000,894401
2019-07-16,261.6000,264.7000,261.3000,263.7000,837648
2019-07-15,262.7000,263.6000,261.2500,262.2500,2159610
2019-07-12,264.0000,268.4500,262.0000,262.9500,1566615
2019-07-11,255.0500,265.8000,255.0000,264.9000,2562327
2019-07-10,260.1000,260.9500,258.1500,259.9500,1725974
2019-07-09,261.2500,261.5000,256.0500,260.7000,1181573
2019-07-08,262.0000,265.0000,261.2000,262.5000,2642383
2019-07-05,263.2000,268.8500,259.2000,261.0000,2412436
2019-07-04,266.2500,266.5000,261.7500,263.1000,1645218
2019-07-03,266.1000,266.7500,261.4000,265.6500,1521436
2019-07-02,267.0000,267.6500,264.1500,265.9000,1048924
2019-07-01,269.0000,269.0000,263.5500,265.6500,1697283
2019-06-28,274.9000,274.9000,265.9000,267.0500,3262265
2019-06-27,272.5000,278.4500,271.5500,274.8000,4700008
2019-06-26,269.0000,272.0000,267.5000,271.2000,1494735
2019-06-25,272.0000,272.5500,266.0000,269.8000,2009198
2019-06-24,275.0000,275.9500,271.5000,272.8000,581858
2019-06-21,276.4000,278.0500,271.4000,275.3500,2133362
2019-06-20,269.1500,280.2500,269.1500,279.0500,1333171
2019-06-19,269.4000,273.0000,267.0000,272.1000,1549176
2019-06-18,272.5000,273.1500,265.1500,270.1000,1356266
2019-06-17,274.5000,280.0000,270.8000,272.1500,2898233
2019-06-14,270.6500,276.0000,270.1000,275.0500,1801435
2019-06-13,274.0500,274.5500,269.1500,271.3500,1588110
2019-06-12,282.0000,282.4000,272.0500,273.2500,2151888
2019-06-11,283.6000,288.5000,279.1000,283.1500,2412856
2019-06-10,281.5500,288.5000,280.0000,281.9500,3384305
2019-06-07,274.5000,282.9000,271.8000,279.6500,3356328
2019-06-06,274.2500,275.9000,268.8000,273.5000,2900691
2019-06-04,268.8500,275.0000,268.5500,274.0000,2551900
2019-06-03,273.0000,276.0000,267.4000,268.7500,2587599
2019-05-31,274.0000,275.3500,267.3500,269.0000,2066116
2019-05-30,276.4000,276.7000,271.1000,271.9000,1372537
2019-05-29,269.9000,278.3000,267.2000,275.7000,4588858
2019-05-28,280.0000,280.9500,267.0000,269.0000,5400573
2019-05-27,280.3500,282.8500,276.4500,279.5500,1662490
2019-05-24,273.1000,280.3500,269.8000,277.5500,2466673
2019-05-23,273.0000,277.0000,271.0000,273.8500,1602734
2019-05-22,275.8500,280.9000,268.9500,269.3500,3235336
2019-05-21,270.1000,281.4500,270.1000,276.1000,4677322
2019-05-20,270.0000,275.5000,267.8000,269.5500,1197002
2019-05-17,269.0000,270.9000,265.5000,268.7000,1254452
2019-05-16,267.9000,270.0500,262.3500,268.1500,1350907
2019-05-15,272.6500,273.0000,262.1500,263.8500,1834553
2019-05-14,265.0000,274.0000,262.3500,270.0500,2305293
2019-05-13,261.4500,269.1500,259.6000,265.4500,3369566
2019-05-10,266.3000,267.0000,260.7500,262.2500,2270319
2019-05-09,266.9500,269.7000,261.5000,267.1000,3520232
2019-05-08,268.0000,270.3000,263.6500,266.7000,2225529
2019-05-07,266.9000,270.8000,265.7500,268.0000,2972102
2019-05-06,273.0000,273.5000,268.3000,271.8500,2351319
2019-05-03,272.5500,278.5500,272.1000,274.0000,4234052
2019-05-02,262.5500,272.4000,262.5500,270.8500,5510874
2019-04-30,273.7000,278.9000,256.5000,262.5500,9291803
2019-04-26,273.0000,278.0000,271.3500,272.9000,8713787
2019-04-25,287.3500,298.0000,265.6500,270.7000,24061163
2019-04-24,297.0000,303.5000,291.0000,301.5000,2572361
2019-04-23,301.0000,303.6500,292.5500,294.0000,1532866
2019-04-22,306.8000,310.8500,295.5500,299.6000,1606392
2019-04-18,312.9500,314.4500,303.2500,307.2000,2227796
2019-04-16,310.9500,316.9000,309.4000,312.9500,2057364
2019-04-15,314.5000,316.5000,307.3000,308.4500,1493320
2019-04-12,314.0000,317.3500,313.0000,314.6500,777930
2019-04-11,315.3500,317.0000,311.0500,313.3500,1316742
2019-04-10,315.1000,318.2000,313.6500,315.3000,1404102
2019-04-09,316.1000,318.5000,312.5000,315.2000,777799
2019-04-08,317.9500,318.7000,313.7000,316.1000,1035460
2019-04-05,316.6500,320.0000,314.4000,316.8000,1034427
2019-04-04,318.5000,319.7500,314.7000,316.6500,1339901
2019-04-03,314.5000,320.0000,314.1500,317.2500,1971729
2019-04-02,314.4500,318.1000,312.1500,315.0000,1660087
2019-04-01,314.9500,317.6000,311.5000,314.2500,1556091
2019-03-28,317.4500,319.6500,313.4500,317.1000,1752675
2019-03-27,316.9000,318.5000,311.1000,316.2000,2831679
2019-03-26,305.2000,314.0000,305.2000,312.8500,2393663
2019-03-25,314.5500,314.5500,304.7500,306.6000,2436411
2019-03-22,325.1000,329.2500,313.9000,316.1000,3378667
2019-03-20,328.3000,333.4500,322.2500,325.0500,3756179
2019-03-19,320.0000,331.8000,314.1500,327.6000,10223121
2019-03-18,317.0000,321.6000,310.8500,318.1000,2868948
2019-03-15,316.0000,320.0000,311.2500,313.2000,2880482
2019-03-14,314.0000,318.0000,312.0000,314.3500,1873621
2019-03-13,320.4000,321.0000,311.0500,313.1500,2238504
2019-03-12,319.5000,322.7000,309.0000,316.3500,5298735
2019-03-11,306.6000,322.0000,305.9500,319.7000,4166219
2019-03-08,304.8000,310.0000,304.0500,305.5000,2175387
2019-03-07,305.9000,309.5000,304.4500,305.6500,2653768
2019-03-06,296.9500,306.5000,295.3500,302.5500,4205863
2019-03-05,295.0000,297.0000,291.6000,296.1500,2215719
2019-03-01,297.6500,297.6500,292.0000,293.2500,2121450
2019-02-28,298.0000,298.8500,291.5000,293.6500,3914334
2019-02-27,308.9500,309.0000,294.8000,296.7500,4142722
2019-02-26,304.0000,310.5000,300.1500,308.0000,5880043
2019-02-25,313.6000,313.8000,302.4500,303.9500,3480643
2019-02-22,311.4500,321.8000,309.0000,313.6000,3970353
2019-02-21,317.6000,318.0000,306.3000,312.5500,3996262
2019-02-20,319.0000,322.9000,313.6500,318.2000,2478600
2019-02-19,315.0000,324.8500,315.0000,318.4500,6184870
2019-02-18,306.7000,319.2500,304.7000,317.0500,6443621
2019-02-15,299.2000,310.4500,291.9500,306.9000,4992264
2019-02-14,304.0000,304.0000,293.5000,297.2000,2912616
2019-02-12,323.0000,324.4000,310.6500,312.8500,3518639
2019-02-11,326.0000,329.0000,320.0000,323.5000,3081552
2019-02-08,302.0500,335.0000,302.0500,326.0500,11194181
2019-02-07,293.6000,308.5000,290.6500,305.8500,3137895
2019-02-06,290.0000,298.0000,288.8000,296.3500,2707550
2019-02-05,295.0000,295.0000,286.4500,288.9000,3538939
2019-02-04,292.2500,297.8000,287.5000,295.0500,2318471
2019-02-01,296.0000,298.0000,290.8500,296.2000,2258242
2019-01-31,290.0000,296.4000,285.0000,292.2500,4762254
2019-01-30,296.2500,299.6000,286.0500,290.3000,6293196
2019-01-29,284.9500,298.9000,283.4000,297.3500,6402177
2019-01-28,283.7000,293.8500,277.0500,287.3000,8309902
2019-01-25,264.6000,282.4500,264.1000,279.7500,11828569
2019-01-24,282.0000,283.1500,261.2000,263.0000,11122963
2019-01-23,278.0000,281.4000,274.8000,277.0000,4888651
2019-01-22,278.7500,280.7000,274.5000,277.6500,2194405
2019-01-21,278.0500,279.8500,270.6500,277.8000,2421296
2019-01-18,280.6500,283.4000,277.0000,278.0500,3096388
2019-01-17,278.5000,282.3500,276.4000,280.4500,3729858
2019-01-16,280.0000,284.4000,274.5000,275.8500,3605390
2019-01-15,280.1500,283.7500,277.6500,279.7500,2487680
2019-01-14,276.7000,282.8000,274.3500,280.1000,6223594
2019-01-11,285.1000,286.1000,276.1500,277.2000,3840134
2019-01-10,290.1000,290.4000,281.6000,285.0500,3672383
2019-01-09,299.9000,299.9000,289.2500,290.3500,3188173
2019-01-08,292.7000,300.4000,290.0000,297.9500,4648636
2019-01-07,287.5000,295.1500,285.1000,293.7500,5453037
2019-01-04,273.0000,288.5000,272.0000,285.0500,6714533
2019-01-03,265.0000,273.4000,263.6000,271.6000,2888878
2019-01-02,261.9500,266.0000,258.7000,264.2500,1115095
2019-01-01,259.9500,263.5000,257.8000,262.2500,799064
2018-12-31,262.6500,265.0000,257.2000,259.0000,1577464
2018-12-28,269.0500,269.7500,262.0000,263.0000,1745967
2018-12-27,262.6000,269.2000,261.5000,266.8000,1209883
2018-12-26,259.9500,265.0000,258.2500,262.6000,1282658
2018-12-24,262.0000,271.1500,256.0000,262.5500,3202904
2018-12-21,263.8000,265.0000,247.4500,259.8500,6508796
2018-12-20,262.0000,263.9500,257.9500,262.0000,1137215
2018-12-19,255.0000,267.1000,254.5500,263.4500,2570544
2018-12-18,253.0500,257.3000,252.7000,254.6000,1171801
2018-12-17,252.3000,255.8500,249.2500,254.9500,1419070
2018-12-14,249.0000,252.9000,247.2500,252.0500,1818267
2018-12-13,251.2000,252.4500,248.3500,249.2000,2790047
2018-12-12,253.9000,256.3000,250.0000,250.7000,1909161
2018-12-11,247.7000,257.2500,246.0000,253.1500,924469
2018-12-10,251.7000,251.7000,246.2500,250.3500,1896394
2018-12-07,254.0000,256.9500,251.5500,252.8500,721812
2018-12-06,255.7500,257.8000,253.5500,255.6500,648790
2018-12-05,255.0000,259.4000,253.3500,258.3500,1194976
2018-12-04,255.7000,257.0000,252.5000,254.8500,4028606
2018-12-03,257.0000,259.9500,253.9500,256.0000,2081914
2018-11-30,262.6000,265.9500,255.3000,256.7500,3389542
2018-11-29,260.8500,266.5000,254.2500,265.4500,1424071
2018-11-28,266.0000,266.3000,257.6000,259.6500,1726167
2018-11-27,262.0000,268.2500,259.1500,264.1500,2270520
2018-11-26,259.0000,268.5500,258.3000,262.7500,3138480
2018-11-22,258.7000,263.5000,244.1000,258.1000,2857031
2018-11-21,259.0500,260.5500,256.4500,258.8500,1328745
2018-11-20,260.0000,261.2500,257.9000,260.3000,1005059
2018-11-19,259.5000,261.8000,257.5000,259.9500,741946
2018-11-16,257.8000,262.2500,256.0000,259.6000,1581500
2018-11-15,261.9500,261.9500,254.0000,255.4000,1206044
2018-11-14,260.0000,261.5000,256.8500,260.0500,813648
2018-11-13,258.0000,261.2500,253.5500,258.4000,1412523
2018-11-12,267.9500,268.8000,257.4500,258.5000,2007650
2018-11-09,267.8000,274.1000,264.3500,265.8500,4838067
2018-11-07,264.9000,266.2500,263.0000,265.1500,94257
2018-11-06,261.1500,265.7500,259.3000,262.6500,1582175
2018-11-05,262.3000,264.0000,258.0500,261.9500,1661661
2018-11-02,262.8000,264.7500,260.2500,262.3000,1687971
2018-11-01,264.0500,266.9500,260.3500,261.2000,2270401
2018-10-31,265.0000,271.0000,259.4000,269.2500,2396820
2018-10-30,265.1500,267.9500,263.5000,266.2000,1524274
2018-10-29,263.5000,266.7500,262.5500,264.6500,995410
2018-10-26,264.5000,268.4500,261.8500,265.0000,2293262
2018-10-25,260.1000,270.7000,260.0000,265.0000,6916739
2018-10-24,265.5500,267.9000,259.9000,263.2500,2283437
2018-10-23,264.6000,270.4000,258.6000,265.5000,8806279
2018-10-22,266.0000,267.9000,260.6500,265.2500,1228217
2018-10-19,261.0000,268.6500,261.0000,264.4500,2544569
2018-10-17,268.7000,269.6500,258.2000,260.0000,1618929
2018-10-16,268.6000,277.5000,263.8000,266.2500,2760250
2018-10-15,267.5500,271.6000,264.8500,268.6000,1953850
2018-10-12,259.9500,267.5000,258.0000,265.5500,2502620
2018-10-11,252.7000,262.6500,252.0000,259.7500,4629003
2018-10-10,268.4500,276.0000,256.5000,258.2500,2832141
2018-10-09,266.7000,273.9000,261.9500,266.5000,2128482
2018-10-08,260.0000,269.5000,253.1500,266.7000,2253966
2018-10-05,254.9000,264.0000,253.6000,260.2000,4498382
2018-10-04,242.6500,261.6000,242.2500,256.1500,4972966
2018-10-03,267.6000,267.6000,250.0000,251.7000,2989267
2018-10-01,262.9000,272.3000,262.0000,267.6000,2928255
2018-09-28,267.8500,275.4500,261.5000,262.9500,2438632
2018-09-27,262.0000,271.0500,256.8500,267.8500,3769191
2018-09-26,270.0000,273.9000,257.7000,261.5000,2575108
2018-09-25,277.0000,280.0000,268.0500,269.3500,2794731
2018-09-24,280.0000,283.9500,273.0500,277.8500,1342760
2018-09-21,272.9000,282.8500,270.6000,281.2000,3625576
2018-09-19,268.0000,272.8500,264.0000,270.9000,1208800
2018-09-18,268.0000,268.0000,265.0000,266.7000,1788883
2018-09-17,274.8000,275.0000,266.0000,266.8500,2277951
2018-09-14,270.8000,275.9000,270.5500,274.6000,3099251
2018-09-12,270.2000,272.3000,263.3000,270.8000,1097568
2018-09-11,275.2500,276.8000,269.0000,270.2000,2484626
2018-09-10,273.9000,279.0000,272.7000,275.7000,793199
2018-09-07,272.0000,279.3500,267.2000,277.3500,2042234
2018-09-06,266.3500,277.6000,265.6000,270.9500,3939106
2018-09-05,284.0000,284.0000,269.2500,271.3500,2129182
2018-09-04,291.0000,292.0000,282.4000,284.0500,1433152
2018-09-03,289.0500,292.9000,286.0000,289.8000,1141409
2018-08-31,285.7500,294.8000,285.0000,286.9000,2495220
2018-08-30,282.3000,286.0000,280.1000,284.4000,2645826
2018-08-29,287.2000,287.2000,282.2500,283.6000,4826522
2018-08-28,289.8000,289.8000,282.6000,286.1500,10163994
2018-08-27,285.5500,289.8000,281.6000,288.0500,2244792
2018-08-24,283.4000,291.4000,278.8500,285.5500,3456951
2018-08-23,288.0000,290.7000,282.5500,283.9000,1875794
2018-08-21,285.4500,289.7000,284.3500,287.5000,2304463
2018-08-20,282.6000,287.0000,281.9000,284.8000,1706019
2018-08-17,281.0000,285.4000,281.0000,282.5500,2626989
2018-08-16,282.0000,283.4500,279.0000,280.6500,1705620
2018-08-14,285.3000,285.7500,280.2000,283.9000,2241692
2018-08-13,287.2000,287.5500,283.4500,285.2500,1095747
2018-08-10,290.3000,293.6500,287.6000,289.9000,1271219
2018-08-09,291.2000,296.8500,289.3000,293.2500,1562399
2018-08-08,286.0000,292.5000,284.1500,290.4500,5442103
2018-08-07,286.4000,289.5000,285.0000,285.9000,1854883
2018-08-06,291.4500,291.8500,285.7500,287.0500,684331
2018-08-03,289.9000,292.6000,288.7500,290.1000,1138012
2018-08-02,293.2500,297.9000,289.4000,291.1500,1228980
2018-08-01,287.0000,297.4500,285.7500,293.2500,1897046
2018-07-31,290.0000,291.7500,285.9500,286.6500,1744891
2018-07-30,290.0000,292.3500,287.0000,289.1500,1203306
2018-07-27,287.3000,290.8000,284.1000,289.4500,1703895
2018-07-26,286.0000,288.6500,278.0500,286.8500,5254405
2018-07-25,286.0000,291.9000,283.4500,286.9000,6454497
2018-07-24,287.0000,288.0000,285.1000,285.8500,3997082
2018-07-23,287.0000,289.6500,284.0000,286.7000,629540
2018-07-20,285.0000,288.2000,285.0000,286.0000,4041062
2018-07-19,287.0000,292.4000,283.4000,285.3000,2182923
2018-07-18,303.2000,305.6000,298.7500,299.2500,1537581
2018-07-17,299.0000,307.2500,297.1000,303.3500,836130
2018-07-16,302.7000,305.7000,298.3000,301.1500,1661955
2018-07-13,314.0000,314.0000,300.3500,302.7000,1416753
2018-07-12,315.0000,317.0000,307.6500,314.0500,1586131
2018-07-11,305.3000,319.2000,304.0000,317.1500,4059566
2018-07-10,301.9500,307.1000,299.8500,305.3000,878200
2018-07-09,299.1000,303.0000,299.1000,301.8500,613883
2018-07-06,300.4500,303.9500,295.3500,299.1000,1382388
2018-07-05,296.7000,305.1000,294.3000,303.4500,1418401
2018-07-04,291.5000,301.8500,289.5500,299.5000,2171623
2018-07-03,296.0000,297.8000,286.6000,291.5000,2404666
2018-07-02,301.0000,304.8000,294.8000,298.9000,2444336
2018-06-29,300.0000,307.9500,295.6000,300.5500,3871075
2018-06-28,299.0000,300.0000,293.9000,297.9500,4702328
2018-06-27,291.9500,302.7500,287.2000,299.5500,4099169
2018-06-26,290.0000,294.9500,282.3500,292.9500,5285978
2018-06-25,285.8500,293.0000,283.2500,291.9500,2416530
2018-06-22,278.9500,287.9500,275.4500,286.0000,2317644
2018-06-21,286.9000,286.9000,274.5500,279.6000,5646050
2018-06-20,288.2000,290.9000,284.1000,285.3000,1887084
2018-06-19,290.1000,292.5000,285.9000,287.7500,1300911
2018-06-18,292.0000,294.0000,288.9000,291.3000,1377676
2018-06-15,296.5000,297.7000,291.6000,293.6000,3264270
2018-06-14,298.0000,299.8500,294.9000,296.5000,1055622
2018-06-13,300.0000,302.2000,296.6000,300.5000,5147453
2018-06-12,302.0000,302.0000,298.6000,299.7500,946261
2018-06-11,299.0000,302.0500,298.0000,300.0000,2123262
2018-06-08,293.9000,299.4500,293.1000,298.4000,1360769
2018-06-07,294.2000,295.5000,292.6000,293.8000,2471537
2018-06-06,295.0000,297.2000,292.7500,294.6000,1434703
2018-06-05,298.5000,298.5000,289.5000,294.6500,2364464
2018-06-04,302.0000,302.1500,294.0000,295.1500,926733
2018-06-01,300.2000,303.9000,298.7500,300.6500,1271174
2018-05-31,301.5500,304.0000,293.3500,298.6500,11366237
2018-05-30,307.0000,307.0000,298.9500,301.1500,2554562
2018-05-29,312.0000,313.8000,303.1500,304.9000,2631933
2018-05-28,315.8500,317.9500,309.2000,310.7000,1201629
2018-05-25,318.0000,318.1500,312.0000,314.8500,1105911
2018-05-24,318.8000,319.5500,313.6500,318.3500,4111643
2018-05-23,317.0000,319.5000,313.7500,317.3000,3690868
2018-05-22,319.5000,320.7000,313.0500,315.8500,2443082
2018-05-21,316.0000,323.5000,315.6000,321.7000,1523518
2018-05-18,318.5000,322.2500,315.1000,316.1500,1949318
2018-05-17,317.7000,324.7500,312.9000,321.7500,3255853
2018-05-16,312.2000,323.8000,308.2000,315.2000,2250017
2018-05-15,315.0000,315.6500,311.1000,312.4500,3695713
2018-05-14,319.2500,323.3000,313.0000,316.0000,1310795
2018-05-11,320.7000,322.8500,315.4500,319.8500,2806644
2018-05-10,324.9000,328.3000,317.2000,320.7000,2809718
2018-05-09,323.9000,328.2000,322.1500,324.8500,2739153
2018-05-08,323.0000,324.5000,319.6000,321.0000,7307907
2018-05-07,321.1000,324.4500,319.3000,320.6500,2621067
2018-05-04,321.7000,325.0000,318.6500,322.4500,2125043
2018-05-03,311.3500,327.0000,311.3500,324.9500,4395421
2018-05-02,314.9500,318.4000,312.3500,313.8000,5741657
2018-04-30,317.1000,321.9000,312.0000,313.1000,3440871
2018-04-27,316.1500,324.6500,313.3500,320.2500,4360743
2018-04-26,326.5000,327.0000,310.5000,316.1000,6209388
2018-04-25,338.0000,338.9500,322.3000,325.4500,4998560
2018-04-24,327.0000,334.6000,315.6500,329.0000,4979271
2018-04-23,332.0000,332.6000,324.5000,328.0000,2475687
2018-04-20,337.4000,337.4000,326.4000,331.1000,1307014
2018-04-19,337.0000,338.6000,334.4000,335.9500,2579826
2018-04-18,335.0000,338.0000,334.5000,336.0500,2881187
2018-04-17,342.2000,343.0000,330.4000,334.0000,2797188
2018-04-16,334.5000,343.4000,334.5000,340.0500,4175047
2018-04-13,341.0000,348.4500,336.9000,339.7000,2358332
2018-04-12,339.2000,341.5500,335.9500,340.7000,2136706
2018-04-11,336.0500,339.9000,335.5500,337.4500,3468729
2018-04-10,339.0000,341.0000,332.1000,335.4500,3470927
2018-04-09,338.0000,340.2000,336.2500,337.2000,5696918
2018-04-06,338.0000,342.8500,335.3500,338.0000,5575268
2018-04-05,337.5500,340.5000,330.2500,338.0500,3807792
2018-04-04,337.0000,338.9500,335.0000,336.9500,1385801
2018-04-03,336.5000,342.3000,334.5000,339.1500,1165314
2018-04-02,336.0000,344.4000,335.9000,337.6500,1643242
2018-03-28,337.5000,342.0000,331.0500,336.1500,7045038
2018-03-27,346.7000,346.7000,332.7500,336.5500,3190225
2018-03-26,340.0000,346.3000,339.1500,343.9500,1353062
2018-03-23,330.0000,344.9000,329.0000,342.5000,2991192
2018-03-22,337.4000,344.4500,330.9000,335.2000,2264722
2018-03-21,345.8000,345.8000,336.3000,337.1500,2825185
2018-03-20,325.0000,343.9500,323.4500,341.9000,5524750
2018-03-19,334.9500,337.1500,320.0500,325.3500,2261162
2018-03-16,339.0000,343.4000,332.5000,334.4500,3780358
2018-03-15,340.0000,344.8500,336.2500,337.9000,1354562
2018-03-14,345.9000,346.7000,337.5500,339.1500,2244680
2018-03-13,336.0000,350.0000,336.0000,349.0000,2491061
2018-03-12,335.5000,343.6000,332.6500,339.5000,6680146
2018-03-09,332.0000,338.1000,328.8500,333.1500,5488752
2018-03-08,331.0000,344.4500,324.5000,331.2000,7186625
2018-03-07,331.0000,336.6000,327.6500,329.4500,10039533
2018-03-06,339.8000,340.4500,328.8000,331.9500,10597788
2018-03-05,342.5000,342.5000,335.0000,339.1500,2294182
2018-03-01,348.0000,352.2000,342.2500,345.2000,3367869
2018-02-28,340.0000,351.4000,338.9000,346.7000,41050485
2018-02-27,346.9000,349.3500,339.9500,344.8000,6738482
2018-02-26,344.7500,348.0000,335.9000,344.4500,11037220
2018-02-23,332.1000,344.4000,330.0500,340.4000,3108532
2018-02-22,335.0000,338.0500,330.0000,333.8500,8407719
2018-02-21,334.9000,339.5000,332.5000,338.0500,2192907
2018-02-20,332.0000,335.7500,322.7000,334.0000,2348949
2018-02-19,330.8500,333.4000,325.1000,329.8500,2593948
2018-02-16,334.4000,334.4000,322.5500,327.5500,2397216
2018-02-15,329.1000,336.9000,327.2500,331.0500,3526872
2018-02-14,339.5500,340.4000,325.2500,327.4000,7362307
2018-02-12,345.4000,346.1500,336.2500,338.2500,3252157
2018-02-09,342.9000,349.1500,339.0500,341.5000,3050243
2018-02-08,341.0000,351.9500,340.0000,349.2000,1436457
2018-02-07,348.0500,353.9000,336.1500,338.5500,3376135
2018-02-06,339.4000,349.2000,328.1500,344.9500,1662550
2018-02-05,336.0000,354.1000,330.0500,349.0000,2690533
2018-02-02,342.0000,349.6000,341.8000,344.8500,4467011
2018-02-01,352.0000,354.0000,343.5000,346.8500,3045857
2018-01-31,345.0000,353.9500,343.2000,351.5500,3997015
2018-01-30,352.2000,354.6000,342.1000,344.4500,3724844
2018-01-29,343.0000,355.6500,340.5000,353.4000,4249433
2018-01-25,342.1000,348.8000,340.5500,343.4500,4683283
2018-01-24,339.0000,345.8500,338.4500,342.3000,4933761
2018-01-23,344.4000,345.5000,337.8500,339.4000,5668180
2018-01-22,344.5000,349.0000,339.8000,343.5000,6688121
2018-01-19,346.0000,348.5500,339.2500,346.0500,7653870
2018-01-18,365.0000,365.0500,342.2500,343.8000,4256014
2018-01-17,365.0000,373.2000,360.8500,366.1000,2996802
2018-01-16,373.4500,375.3500,366.1500,367.9500,1797985
2018-01-15,374.5000,378.5000,369.0000,370.5000,1038566
2018-01-12,364.0500,376.9500,364.0500,374.8000,2834284
2018-01-11,371.0000,371.7500,363.9000,367.7500,2373477
2018-01-10,368.5000,373.0000,364.6000,370.8000,4204087
2018-01-09,370.1500,376.8500,367.2000,368.4000,1659015
2018-01-08,372.6000,376.4500,372.0500,374.4000,1754188
2018-01-05,381.4500,381.4500,371.5000,372.6000,1576172
2018-01-04,381.8000,381.8000,377.2500,379.0500,4247055
2018-01-03,379.7000,383.4500,376.4500,378.6500,2009516
2018-01-02,371.0000,380.0000,370.1000,378.8000,4093118
2018-01-01,379.9000,379.9000,368.3500,369.9500,1788442
2017-12-29,369.7000,380.5500,367.1000,378.7500,4216334
2017-12-28,367.5000,371.8000,364.5000,368.1500,4295438
2017-12-27,369.5000,371.0000,365.2500,367.5000,1199421
2017-12-26,363.0000,370.5000,362.6500,369.6000,1649408
2017-12-22,361.2500,365.3500,358.7500,363.9500,2856053
2017-12-21,364.9500,365.8500,360.2500,361.6000,1507477
2017-12-20,362.5000,366.7000,362.5000,364.2500,2111646
2017-12-19,357.5000,363.9000,357.5000,362.5000,1737412
2017-12-18,353.7500,361.9000,347.1000,357.7500,2963083
2017-12-15,358.0500,361.4500,353.3000,354.5000,2416817
2017-12-14,358.2000,362.9000,355.1000,356.6500,2052442
2017-12-13,357.5000,362.9000,355.1500,357.7000,2362236
2017-12-12,369.0000,369.0000,354.2500,355.4000,3321358
2017-12-11,377.0000,377.9000,367.2000,368.0500,3031658
2017-12-08,380.0500,381.5500,372.3500,373.7000,3146713
2017-12-07,367.6000,384.9000,367.1500,382.3500,1768073
2017-12-06,378.2500,378.2500,366.5000,370.3500,2172920
2017-12-05,374.1500,380.4500,371.2500,378.5500,2141034
2017-12-04,386.0000,388.4500,375.1000,376.5000,1423770
2017-12-01,387.0000,388.4000,382.8500,385.9500,3519059
2017-11-30,385.0000,387.9000,380.6000,383.7000,12955743
2017-11-29,376.8000,384.9000,376.4500,384.1500,6010951
2017-11-28,383.1500,387.3500,376.0500,377.8500,4127842
2017-11-27,381.2500,387.7000,378.4000,386.6000,2416421
2017-11-24,378.0000,382.0000,376.4000,380.8000,2487171
2017-11-23,381.1500,386.4000,373.1000,374.6000,4561646
2017-11-22,385.8000,385.8000,373.6000,376.4500,5752823
2017-11-21,386.4000,386.9500,381.0000,383.5500,3626367
2017-11-20,385.4000,392.9000,381.7000,383.7000,6432184
2017-11-17,387.4500,388.8000,376.5500,380.1500,3328012
2017-11-16,381.1000,392.5000,380.3500,384.6500,5469875
2017-11-15,396.0000,399.4000,375.1500,377.6500,3278094
2017-11-14,406.0000,406.4000,391.5000,396.9500,131335426
2017-11-13,429.4000,429.4000,405.2500,415.5000,3422752
2017-11-10,423.8500,432.6000,421.7000,426.7500,3348288
2017-11-09,438.4500,443.4500,424.4500,429.2000,4969389
2017-11-08,432.0000,439.6000,430.1000,435.1500,4412381
2017-11-07,427.0500,432.9500,420.5000,427.0500,3101792
2017-11-06,417.1500,429.0000,413.0000,424.0500,3603506
2017-11-03,419.0000,421.3000,412.0500,413.7500,1624837
2017-11-02,428.0000,428.7000,415.6000,418.6500,2632114
2017-11-01,446.0000,452.0000,422.4000,426.5500,3573242
2017-10-31,428.5000,448.3500,419.2000,442.1500,5952903
2017-10-30,423.7000,435.0000,421.7000,429.7000,4402673
2017-10-27,453.0000,454.0000,415.0000,418.5500,4527007
2017-10-26,451.5000,465.0000,436.4500,455.4000,2343242
2017-10-25,458.9000,464.3500,450.8000,452.1500,2720627
2017-10-24,448.0500,459.8500,437.8500,453.3000,3495103
2017-10-23,460.0000,468.8500,445.2500,449.0000,3468772
2017-10-19,462.0000,464.4000,458.3500,460.2500,234833
2017-10-18,476.7000,482.0000,460.0500,461.7500,3847393
2017-10-17,468.0000,482.8000,467.0000,479.2000,9080336
2017-10-16,455.9500,474.2500,450.6000,471.5000,9404756
2017-10-13,434.9500,455.0000,432.8000,449.9500,16946705
2017-10-12,412.8000,438.0000,402.7000,432.0000,10400395
2017-10-11,403.0000,414.0000,401.9000,410.5000,5104904
2017-10-10,398.5000,404.5500,398.5000,399.8500,2029807
2017-10-09,402.8000,405.9500,397.5500,398.5000,1385786
2017-10-06,407.8000,409.9000,399.0000,399.9500,2028197
2017-10-05,412.1000,413.0000,402.6500,404.6500,1920244
2017-10-04,408.5000,419.6500,408.0000,416.5000,3456681
2017-10-03,404.9000,410.2000,399.0000,408.5000,4036851
2017-09-29,393.6000,411.7000,393.0500,398.4000,5139940
2017-09-28,380.0000,395.7000,375.0000,392.6000,2458127
2017-09-27,379.8000,386.4000,376.2500,382.6500,2082260
2017-09-26,394.0000,394.0000,373.8500,376.4000,1827778
2017-09-25,388.7500,397.4000,387.3000,391.3500,2575008
2017-09-22,386.0000,394.5500,385.2000,390.0000,1615279
2017-09-21,395.9000,399.5500,386.6000,387.6500,2118175
2017-09-20,396.7000,400.9500,393.0500,393.9500,1469249
2017-09-19,390.7500,399.9000,388.1500,398.3000,1956748
2017-09-18,374.5000,392.0000,374.5000,389.1000,2752803
2017-09-15,374.6500,382.9000,369.6500,374.0000,11439738
2017-09-14,370.9000,373.9500,368.5000,370.0500,1571003
2017-09-13,371.6000,374.3500,366.4000,370.6500,4210770
2017-09-12,369.5000,370.8000,363.6500,370.1000,2831964
2017-09-11,371.5000,372.1500,366.5000,369.5000,731573
2017-09-08,374.4000,374.6500,368.6500,370.6500,2528475
2017-09-07,371.4500,373.9000,368.4000,370.1500,1122445
2017-09-06,372.2500,373.5000,367.5000,371.4500,1404720
2017-09-05,378.5500,379.2500,368.2000,371.8500,1819271
2017-09-04,380.0000,380.6000,375.4500,377.7500,751845
2017-09-01,376.3000,381.8500,375.3000,379.7000,1242702
2017-08-31,386.8000,387.5500,367.0500,375.2000,7483962
2017-08-30,383.9500,385.8500,379.6000,384.7500,838089
2017-08-29,387.6000,387.6000,377.0000,380.3000,1102703
2017-08-28,387.5500,388.8000,382.7500,386.7000,1402650
2017-08-24,382.9000,387.8000,380.3000,383.9000,1863817
2017-08-23,389.9000,389.9000,380.7500,382.8000,1201788
2017-08-22,386.9000,396.0000,385.6500,387.8500,2609604
2017-08-21,395.7000,396.5500,382.6500,386.6000,1956668
2017-08-18,381.0000,396.7500,379.9500,395.3000,4427161
2017-08-17,388.0000,388.7500,378.5500,379.3500,1591863
2017-08-16,382.5000,383.8000,377.9000,382.9000,1986044
2017-08-14,385.9000,385.9000,378.5000,379.8500,2677716
2017-08-11,376.1000,383.7500,376.1000,382.3000,2645105
2017-08-10,380.3000,387.9000,378.9500,382.4500,3050083
2017-08-09,379.0000,385.4000,379.0000,381.7000,2750683
2017-08-08,389.0000,389.8000,380.0000,383.6000,12856633
2017-08-07,406.5000,408.5000,395.6000,397.8500,2453089
2017-08-04,400.0000,408.9000,399.0000,406.5500,2078958
2017-08-03,399.0000,407.5000,396.0000,403.9500,3426255
2017-08-02,402.0000,407.0000,395.3000,397.8500,2252956
2017-08-01,401.4000,407.0500,398.7500,403.7000,1633983
2017-07-31,398.6500,406.0000,395.2500,401.4000,3107036
2017-07-28,413.9000,413.9000,398.6500,403.9000,2250006
2017-07-27,417.0000,417.0000,409.0000,411.0500,2796607
2017-07-26,412.6500,414.9000,407.5500,413.5000,1488819
2017-07-25,414.9000,425.0000,413.4500,415.6500,2965248
2017-07-24,413.3000,415.4500,403.3500,408.9000,2056890
2017-07-21,406.9000,411.7500,401.2500,410.3000,1371671
2017-07-20,412.2000,414.9500,404.5500,406.1000,1825907
2017-07-19,417.9000,422.9000,412.0000,415.1500,1493859
2017-07-18,414.1500,424.7500,414.1500,418.2000,2192538
2017-07-17,417.8000,420.3000,415.7000,418.6500,1083121
2017-07-14,413.7000,418.4500,408.6500,417.8000,1575033
2017-07-13,420.9500,421.9000,407.2500,410.6000,3111485
2017-07-12,410.0000,422.3500,405.6000,420.3000,4389373
2017-07-11,410.3000,414.5500,405.2500,409.8500,2575028
2017-07-10,405.4000,411.8500,404.0000,410.3000,1199318
2017-07-07,413.0000,414.6500,402.1500,404.3500,2673281
2017-07-06,403.5500,416.2000,398.6000,414.7000,2220499
2017-07-05,397.7500,405.7500,397.7500,403.0500,1039605
2017-07-04,399.8000,405.9000,396.6000,401.5500,2412278
2017-07-03,374.5000,399.9000,374.4500,397.7500,4181712
2017-06-30,375.0000,377.0500,371.2500,374.5500,980667
2017-06-29,379.9000,382.5000,374.2500,378.2000,5450689
2017-06-28,372.6000,379.9500,371.1000,376.4500,1768602
2017-06-27,373.7000,375.9000,368.8000,373.3000,1850097
2017-06-23,377.3500,378.5500,371.0500,372.1500,2156583
2017-06-22,372.2000,376.5000,371.0000,375.0000,1120673
2017-06-21,377.5000,378.1000,370.5000,371.7000,2388975
2017-06-20,377.1500,381.5000,375.7000,377.1000,1331396
2017-06-19,376.0000,383.9000,373.5000,376.5500,2163886
2017-06-16,374.8000,384.6500,373.2500,375.1000,2699975
2017-06-15,385.3000,389.1000,370.6500,374.8000,2369536
2017-06-14,382.7000,387.4000,381.4500,386.1000,1317476
2017-06-13,385.0000,389.8500,379.5500,384.2000,1863956
2017-06-12,380.5500,386.0000,376.8000,384.7500,1660758
2017-06-09,379.8500,384.7500,377.1000,382.6500,1545424
2017-06-08,383.0000,383.1000,374.8000,379.8500,1107704
2017-06-07,385.7500,388.6000,379.7000,383.2000,1610112
2017-06-06,383.0000,388.9000,379.8000,383.1500,2537956
2017-06-05,381.3000,384.9000,375.6000,382.4500,3563721
2017-06-02,376.4500,382.9000,371.0000,374.6500,1334349
2017-06-01,370.1000,379.4500,369.8000,376.2500,2505966
2017-05-31,374.2500,374.3500,360.6500,366.6000,3613527
2017-05-30,379.3500,379.8500,365.6500,372.2500,1273594
2017-05-29,370.0000,381.4000,367.7000,379.3500,3887542
2017-05-26,370.0000,377.2000,366.3000,369.9500,1918463
2017-05-25,369.1000,376.3500,365.8500,373.5000,7287977
2017-05-24,379.8500,382.0000,367.2000,369.0000,3134390
2017-05-23,385.0000,390.0000,378.4000,379.8500,3811223
2017-05-22,383.7000,389.3000,376.1500,387.9500,2772691
2017-05-19,381.1000,387.5000,374.8500,378.9500,2031322
2017-05-18,388.4000,388.8500,377.0000,378.9000,2014628
2017-05-17,377.6000,396.5000,375.1000,389.9000,2268036
2017-05-16,371.1500,380.8500,370.0500,376.5500,1346372
2017-05-15,375.8000,375.8000,368.6500,371.0500,761032
2017-05-12,378.8000,379.2500,369.8000,374.7000,1559224
2017-05-11,368.4000,381.6500,366.5000,378.3000,3254041
2017-05-10,360.0000,369.0000,360.0000,366.6500,2254910
2017-05-09,356.3500,371.2500,356.3500,365.9000,2151177
2017-05-08,368.0500,370.9000,363.0000,364.4500,686159
2017-05-05,360.8500,370.0000,358.5000,366.6000,1981269
2017-05-04,364.8000,365.6000,360.0000,363.3500,1316836
2017-05-03,357.6000,365.5500,353.9000,363.0000,1939983
2017-05-02,354.7000,358.9000,349.3000,354.2000,4267681
2017-04-28,365.5500,368.5000,353.3500,354.7000,1431794
2017-04-27,363.0500,369.5500,361.4000,366.8000,1340486
2017-04-26,377.0000,377.5000,364.2500,367.3000,3226103
2017-04-25,362.0000,377.3000,357.9500,375.2500,4440724
2017-04-24,354.0000,360.0000,349.5000,358.2500,2949867
2017-04-21,346.0000,356.3000,345.8500,352.8500,2027577
2017-04-20,345.9000,346.0000,341.7000,342.7000,2561493
2017-04-19,337.0500,347.7500,333.7500,346.7000,3381242
2017-04-18,343.1500,350.9000,330.7500,336.9000,6099634
2017-04-17,355.0000,355.5000,340.5000,344.3500,1496125
2017-04-13,371.0000,371.0000,350.6000,355.0500,1641083
2017-04-12,357.5000,372.3000,352.1500,367.0500,4281035
2017-04-11,355.9000,362.9500,353.0000,355.5500,4051807
2017-04-10,348.5000,360.9000,348.0000,357.0000,4076623
2017-04-07,338.1000,348.7000,333.6000,347.6000,2517255
2017-04-06,336.1000,340.7500,325.4000,339.1500,2801379
2017-04-05,330.1000,343.7000,328.6500,337.7000,4885545
2017-04-03,325.9000,332.3000,318.7500,329.5500,2166039
2017-03-31,327.8000,328.9000,322.5000,325.9000,1861425
2017-03-30,337.4500,339.4500,331.0000,336.7000,3987511
2017-03-29,320.8000,340.8500,320.1000,336.8500,13686074
2017-03-28,315.0000,323.9000,313.7000,318.6500,5338059
2017-03-27,312.9000,315.3000,307.4000,312.5500,1775015
2017-03-24,313.0000,314.5500,309.2500,310.4000,1346006
2017-03-23,316.3000,317.0000,312.5000,313.5500,1674503
2017-03-22,312.9000,317.0000,310.4500,312.9500,3928598
2017-03-21,310.9000,314.5000,310.3500,313.4500,1647977
2017-03-20,307.0000,314.4500,303.6500,308.8000,2111748
2017-03-17,312.0000,312.1000,305.6500,309.7000,4625028
2017-03-16,311.0000,311.7500,309.2500,310.5000,1573157
2017-03-15,312.0000,312.8000,308.0500,308.9000,2640194
2017-03-14,313.9000,315.0000,307.5000,310.0500,2549708
2017-03-10,308.9500,312.8000,306.0500,308.4500,3372496
2017-03-09,306.7000,308.9000,303.1000,305.1500,2492122
2017-03-08,311.5000,311.5000,306.3500,309.9500,1818529
2017-03-07,310.4000,314.9000,309.0000,310.1000,3416663
2017-03-06,308.8500,312.7500,305.7500,310.1000,5737310
2017-03-03,295.0000,310.0000,294.0500,307.9000,12442632
2017-03-02,292.4000,293.7500,287.8000,289.8000,2879156
2017-03-01,285.0000,292.0500,285.0000,288.9500,5145017
2017-02-28,290.0500,294.0000,281.7500,284.2500,12472499
2017-02-27,300.0000,300.9500,287.1000,288.1500,5404804
2017-02-23,301.0000,303.5000,295.9500,297.9000,5179738
2017-02-22,296.0000,303.0000,296.0000,300.7500,4005464
2017-02-21,308.7000,309.8500,294.1500,295.6000,4464223
2017-02-20,308.0000,310.3000,306.2000,308.7500,1472524
2017-02-17,320.0000,321.0500,306.0000,307.7500,3909443
2017-02-16,323.2000,323.7500,316.7000,319.2500,3318662
2017-02-15,319.0500,327.7500,318.0000,323.7500,4532295
2017-02-14,323.0000,323.5000,315.6000,318.7500,2197759
2017-02-13,318.2000,324.6000,317.2500,320.5000,1831990
2017-02-10,320.0000,323.7500,313.9000,317.0500,3484508
2017-02-09,311.0000,322.4500,308.7500,319.0000,6834703
2017-02-08,300.5000,311.0000,299.2500,310.0500,3978420
2017-02-07,304.0000,312.4000,299.1500,301.3000,5227806
2017-02-06,303.0000,308.3500,300.6500,304.5500,3337319
2017-02-03,294.2000,303.9500,294.2000,299.8500,7370171
2017-02-02,294.4000,296.0000,286.6000,292.5000,7705049
2017-02-01,293.0000,303.4000,289.6000,294.3500,7891966
2017-01-31,333.0000,333.0000,282.7000,293.8000,17048162
2017-01-30,351.5500,356.0000,327.0000,328.7000,3144910
2017-01-27,352.2500,356.7000,352.2500,353.9000,570512
2017-01-25,354.7500,354.7500,348.4500,351.7500,1602532
2017-01-24,350.9500,352.5500,344.3000,350.6500,1219473
2017-01-23,352.1500,352.9000,346.0000,346.8000,1309561
2017-01-20,357.0000,357.8500,350.4500,353.2000,766197
2017-01-19,350.2000,359.9000,348.8500,358.2500,1209153
2017-01-18,352.8500,354.5000,349.2000,350.5500,587389
2017-01-17,355.7000,358.0000,350.4000,353.3000,670873
2017-01-16,354.0000,358.8500,352.5500,355.5500,368089
2017-01-13,357.0500,358.6500,351.4000,353.8000,901856
2017-01-12,357.8000,361.0500,353.9000,358.8500,1760215
2017-01-11,352.7000,358.0000,351.4500,353.2500,1590588
2017-01-10,351.0000,355.4000,349.6000,353.5500,1066409
2017-01-09,354.2500,355.3000,347.7500,349.2000,210597
2017-01-06,351.9000,357.4000,351.0500,354.2500,792191
2017-01-05,349.2000,353.5000,343.5500,350.1000,1530517
2017-01-04,342.0000,354.0000,337.0000,352.3500,2191385
2017-01-03,344.2000,345.9500,338.1500,341.5000,1121894
2017-01-02,344.9500,346.8500,342.0500,344.2000,569696
2016-12-30,343.1000,345.4500,336.5000,343.4500,1445937
2016-12-29,338.7000,343.8000,338.1500,341.9000,1098631
2016-12-28,332.0000,345.0000,332.0000,338.9000,1619388
2016-12-27,325.0000,333.9000,324.2500,331.8500,463046
2016-12-26,336.5000,339.0000,325.1000,326.8500,1358368
2016-12-23,337.0000,339.2500,331.9000,336.4000,941552
2016-12-22,335.5000,340.5000,334.0000,337.2000,1364857
2016-12-21,347.7500,349.5000,335.0000,335.9500,1882967
2016-12-20,345.0000,349.8000,342.1500,345.4500,2721620
2016-12-19,357.4500,357.4500,344.0500,344.9500,1535516
2016-12-16,356.0000,357.5000,351.7500,355.6500,3328776
2016-12-15,356.3500,359.1500,350.2500,351.1000,3049464
2016-12-14,356.1000,361.9000,354.9000,356.3500,913114
2016-12-13,352.0000,357.5000,350.9000,355.4000,1208736
2016-12-12,359.6000,362.2500,350.0000,351.6000,2470643
2016-12-09,372.9000,372.9000,355.8000,358.0000,3412062
2016-12-08,380.0000,382.8000,369.0000,370.2500,1371210
2016-12-07,381.9500,384.4000,376.9500,378.9000,2016751
2016-12-06,386.5500,388.9500,377.0000,381.7000,1076456
2016-12-05,384.9000,396.0500,381.7500,386.0500,1838202
2016-12-02,385.1000,393.0000,381.4000,385.9000,2368627
2016-12-01,374.8000,394.8000,372.6000,386.5500,3321889
2016-11-30,371.5000,378.0000,360.2500,375.4500,2388842
2016-11-29,363.5500,373.2500,363.5000,369.8000,1114201
2016-11-28,355.0000,366.2000,355.0000,363.5000,841894
2016-11-25,360.9000,363.1000,355.0000,355.6000,1238720
2016-11-24,358.9000,363.9000,355.9000,360.4000,1568627
2016-11-23,361.0500,363.7500,356.3000,360.2000,2133468
2016-11-22,360.1500,364.9500,357.3500,359.4500,2316275
2016-11-21,353.0000,364.5000,351.2000,359.6500,1520242
2016-11-18,355.8000,359.3000,347.1500,351.9000,3429846
2016-11-17,360.9000,369.9500,354.6000,358.8500,1390095
2016-11-16,368.9500,368.9500,355.2000,360.1000,1746528
2016-11-15,359.0500,373.0000,354.6000,364.8500,2823359
2016-11-11,378.5500,381.8500,361.2500,365.2000,1765780
2016-11-10,366.0000,393.2500,364.5000,387.5000,1824118
2016-11-09,347.5000,367.4000,325.0000,362.4000,1454174
2016-11-08,355.9000,365.5000,354.4000,360.6500,2131933
2016-11-07,369.9000,369.9000,353.1000,355.4000,2078073
2016-11-04,379.9500,382.1500,359.0000,364.0500,1707365
2016-11-03,367.9500,384.5000,364.0500,380.9000,2638220
2016-11-02,353.9000,371.7000,350.1000,366.3000,2891687
2016-11-01,352.7000,358.4000,347.5500,355.4500,2667615
2016-10-28,354.1500,358.5000,343.2500,345.6500,1749736
2016-10-27,365.6500,367.8000,351.9000,353.7500,1624686
2016-10-26,380.9000,380.9000,365.9500,370.4500,1317261
2016-10-25,380.0000,384.9000,369.5000,379.3500,12096587
2016-10-24,365.1500,375.9500,363.2000,369.8000,3950044
2016-10-21,369.7000,369.7500,357.6000,363.6500,4690632
2016-10-20,359.0000,370.1500,358.9500,367.3000,1208734
2016-10-19,357.0000,362.6500,354.0500,358.1500,1023638
2016-10-18,358.2500,363.8500,351.2500,355.3500,1485171
2016-10-17,365.0000,366.2500,355.7500,359.4500,508817
2016-10-14,374.9000,380.2000,363.3500,365.2000,6824730
2016-10-13,373.0500,375.4000,369.1000,374.3500,999257
2016-10-10,375.0000,379.0000,369.8000,377.4500,679980
2016-10-07,382.9500,382.9500,369.5500,370.9000,482329
2016-10-06,380.4500,384.9500,378.4000,381.3000,1483313
2016-10-05,370.0000,378.8000,364.6500,376.2500,1198100
2016-10-04,366.7000,372.0000,361.2500,369.2000,2454810
2016-10-03,369.0000,369.0000,357.1000,362.7500,1705477
2016-09-30,373.3000,373.8000,361.3000,365.3000,3708103
2016-09-29,363.3000,375.8000,360.0000,371.3500,2818900
2016-09-28,357.0000,367.0000,355.5500,362.8000,1316601
2016-09-27,364.9000,370.2500,354.7000,358.5000,1615207
2016-09-26,368.3000,370.9000,363.3000,365.3500,1611661
2016-09-23,375.0000,382.9500,368.6500,370.6500,2201774
2016-09-22,378.0000,387.8000,371.2000,375.1000,3252622
2016-09-21,355.1000,375.8000,355.1000,372.6500,3491757
2016-09-20,349.9000,359.3500,345.4500,355.9500,2102455
2016-09-19,348.6000,351.5500,345.3000,348.7500,1306652
2016-09-16,345.9500,354.8500,345.8500,351.5500,2705753
2016-09-15,344.0000,347.7500,341.0000,344.7500,1472694
2016-09-14,340.0000,348.3000,340.0000,342.6000,1748146
2016-09-12,347.8500,347.8500,341.0000,343.3000,1069599
2016-09-09,360.7000,364.1500,349.2500,351.3000,973739
2016-09-08,349.3500,361.5000,349.3500,357.6000,1352844
2016-09-07,347.9000,351.7500,344.3500,349.3500,1189628
2016-09-06,343.7000,348.3500,338.4000,347.2000,768989
2016-09-02,344.8500,350.9500,340.1500,343.7000,1944767
2016-09-01,347.5000,357.1000,341.6500,343.7500,1279911
2016-08-31,345.0000,353.2500,344.4000,350.7500,1824862
2016-08-30,338.9500,346.7000,336.1000,345.1500,1424732
2016-08-29,348.0000,348.0000,336.2500,338.0500,824483
2016-08-26,341.0000,349.0000,341.0000,346.8500,1664446
2016-08-25,347.5000,348.3000,338.0000,339.3500,1160464
2016-08-24,346.0000,349.4500,342.5500,346.6500,943469
2016-08-23,337.3000,347.7500,337.3000,346.2000,2189366
2016-08-22,346.0000,347.8500,338.4000,339.7000,2945778
2016-08-19,349.0000,349.0000,339.2500,342.3500,2427693
2016-08-18,352.0000,352.0000,344.2000,347.8500,1625259
2016-08-17,353.0000,353.1500,345.5500,348.7000,2556095
2016-08-16,368.0500,370.8000,342.3000,350.0500,4412401
2016-08-12,368.7000,374.0500,361.5000,366.1000,1029376
2016-08-11,378.3000,378.7000,365.2500,368.0000,1128123
2016-08-10,384.0000,386.0000,376.0000,378.3500,1009414
2016-08-09,380.7000,388.0000,376.7000,384.9500,2240139
2016-08-08,391.9500,394.9500,379.2500,381.5000,1152412
2016-08-05,390.0000,397.0000,388.1000,389.2500,2020303
2016-08-04,396.0000,396.8000,388.0000,392.6500,2785908
2016-08-03,388.4000,399.0000,388.0000,395.9000,1256722
2016-08-02,399.9500,406.3000,386.5500,387.7000,2649418
2016-08-01,396.7000,408.5000,394.1500,396.2000,2200406
2016-07-29,400.6000,402.0000,392.0500,395.4000,1137050
2016-07-28,381.1000,413.7000,380.4500,400.0000,4249348
2016-07-27,368.0000,383.0000,361.9500,380.5500,2649643
2016-07-26,366.5000,371.9000,360.5000,363.4000,1427705
2016-07-25,362.6500,371.4500,362.2000,366.0000,1115580
2016-07-22,352.6000,363.9500,350.9000,361.8000,1027883
2016-07-21,355.4000,355.7000,352.0000,352.6000,766068
2016-07-20,356.8000,361.0000,353.1000,354.9000,1580433
2016-07-19,357.4000,363.4500,352.0000,356.8000,1768022
2016-07-18,353.0000,359.3500,350.9500,357.6500,1133441
2016-07-15,354.4500,358.0000,349.5500,353.3000,1542062
2016-07-14,351.7500,354.4000,349.4500,353.0000,1156677
2016-07-13,352.6000,353.5500,343.7500,352.7000,1137492
2016-07-12,353.8500,358.8000,349.0000,350.3000,1710174
2016-07-11,349.8000,353.0500,347.3000,351.6500,1540886
2016-07-08,350.0000,350.8000,340.2500,344.8000,1959699
2016-07-07,357.0000,358.7500,349.1000,350.9500,1761615
2016-07-05,358.8000,360.6500,353.4000,358.3000,2132580
2016-07-04,354.8000,358.6000,351.1000,355.3000,1610426
2016-07-01,345.1000,353.3000,345.1000,350.2000,1729211
2016-06-30,343.9500,347.6000,340.7000,345.0500,3240202
2016-06-29,341.8000,346.0500,339.4500,343.9500,4078375
2016-06-28,330.0000,340.8000,329.1500,338.5500,2636717
2016-06-27,321.3000,328.9500,321.0000,327.6500,2131020
2016-06-24,315.0000,326.4500,301.5000,324.7500,3220531
2016-06-23,337.2000,337.8500,320.6000,322.0000,8151254
2016-06-22,348.0000,349.7000,335.2500,339.0000,3902447
2016-06-21,341.1000,351.5000,339.1000,348.0000,4380623
2016-06-20,340.0000,342.0000,331.1000,340.6500,3441679
2016-06-17,349.0000,350.5500,334.2000,338.6500,6119718
2016-06-16,364.2500,366.4000,344.0000,348.2000,7619615
2016-06-15,376.7000,378.7000,363.2000,365.1000,3083612
2016-06-14,382.9000,385.0000,378.0000,380.8000,3750421
2016-06-13,375.0000,380.4500,372.7000,378.2500,2936316
2016-06-10,374.5000,379.0000,371.2000,374.5000,2062903
2016-06-09,378.4000,378.7000,373.5500,374.7000,1857655
2016-06-08,374.9500,379.9500,374.9500,375.9500,1647606
2016-06-07,377.8000,377.8000,373.0000,374.2000,1955783
2016-06-06,384.7500,384.7500,375.1000,375.8500,1943252
2016-06-03,383.0000,385.5000,377.6000,384.5500,1858470
2016-06-02,385.5500,386.6500,378.6500,381.3000,888020
2016-06-01,374.9000,386.0000,374.6000,384.9500,1603029
2016-05-31,385.0000,386.9000,372.3000,374.5500,3047490
2016-05-30,387.8000,392.0000,384.5000,386.0500,974484
2016-05-27,388.1500,391.6500,385.1000,386.8500,1512986
2016-05-26,394.9500,395.9500,386.1000,390.1500,3683479
2016-05-25,388.5000,397.0000,386.1500,394.8500,2233412
2016-05-24,383.5000,386.5000,381.0500,384.1000,1438075
2016-05-23,378.0000,387.7500,375.6000,383.5000,1258672
2016-05-20,386.7000,387.7000,375.7000,377.5500,1324905
2016-05-19,383.0000,387.0000,374.8000,384.5000,1653311
2016-05-18,385.0000,385.0000,378.3000,383.1000,672355
2016-05-17,387.7000,391.9000,383.5000,386.4000,1156625
2016-05-16,377.0000,387.8000,373.6000,385.2000,1076670
2016-05-13,369.6000,376.0000,364.6500,374.9000,1507078
2016-05-12,374.7000,375.7000,369.6000,372.1000,1347788
2016-05-11,375.0000,376.0000,368.4000,371.0000,1132201
2016-05-10,378.6000,380.6500,373.0000,378.8000,1433203
2016-05-09,370.0500,379.5000,369.3000,376.9000,1087492
2016-05-06,369.4000,374.7500,368.1000,370.0500,1838871
2016-05-05,375.0000,375.8500,367.3500,369.1000,2886701
2016-05-04,381.1000,383.9500,373.0500,374.2000,1163890
2016-05-03,378.2000,387.8000,378.2000,383.6500,1588271
2016-05-02,375.0000,378.0000,370.7500,375.6500,513888
2016-04-29,371.4000,376.4000,366.0500,374.9500,1797296
2016-04-28,376.1000,380.9000,370.0000,370.9000,4845442
2016-04-27,375.0000,377.9500,372.0500,375.7000,5569018
2016-04-26,372.7000,372.7000,361.5000,363.0500,4180713
2016-04-25,374.0000,377.2000,363.9500,366.8000,1512196
2016-04-22,377.8000,377.9500,370.0500,371.7000,2181515
2016-04-21,390.0000,390.7000,369.6000,371.8500,2547148
2016-04-20,397.3000,397.3000,383.6500,386.3500,2138470
2016-04-18,391.7000,410.0000,391.7000,396.8000,3098537
2016-04-13,384.9000,400.0000,382.7000,385.7000,1559006
2016-04-12,381.9000,386.8000,375.1000,384.7500,1327927
2016-04-11,369.9500,384.4000,368.0000,381.3500,956538
2016-04-08,371.2000,371.9000,366.4000,369.5500,388367
2016-04-07,372.6000,374.2500,367.6500,372.9000,830826
2016-04-06,378.0000,378.0000,370.0000,371.3500,937244
2016-04-05,382.0500,382.9500,371.5500,374.5000,1218017
2016-04-04,385.9500,387.9000,374.5000,382.0500,1295034
2016-04-01,380.9000,392.1000,376.2000,385.6000,1668173
2016-03-31,375.9500,392.0000,368.1000,381.9500,6628368
2016-03-30,389.1500,393.0000,372.6500,375.3000,2624634
2016-03-29,375.6000,390.0000,366.1500,387.3000,1317416
2016-03-28,385.0000,385.5500,368.7000,373.4000,1536942
2016-03-23,390.8500,392.1500,381.3500,384.7000,1153017
2016-03-22,389.4000,394.0000,379.2500,390.8500,1176522
2016-03-21,382.7000,391.9000,376.7500,386.0500,1581087
2016-03-18,367.4500,382.9000,367.4500,380.6500,1931582
2016-03-17,370.9000,373.9000,365.7500,369.7000,1523453
2016-03-16,366.4000,370.8000,358.5000,367.2000,2103946
2016-03-15,378.6000,378.6000,366.2000,368.5500,647442
2016-03-14,376.1000,382.4000,376.1000,380.5500,839168
2016-03-11,375.5000,382.2000,373.1000,378.1500,1254444
2016-03-10,379.0000,380.9000,375.3500,378.3000,604062
2016-03-09,377.6000,380.8000,371.4500,379.4500,731172
2016-03-08,369.0000,380.6000,368.1000,378.6500,3842695
2016-03-04,368.4000,373.2000,366.9500,371.5000,1098458
2016-03-03,369.0000,374.4000,363.5500,368.5000,3723356
2016-03-02,379.3000,381.5000,363.1000,368.0500,2380021
2016-03-01,352.2000,375.5500,352.2000,374.6000,1928945
2016-02-29,364.9000,374.6000,353.7000,356.7500,8433496
2016-02-26,364.0500,368.0000,360.5500,364.8500,2143674
2016-02-25,359.6000,364.6500,352.9500,361.0000,2039219
2016-02-24,378.5000,378.5000,358.3000,359.8000,2050608
2016-02-23,382.8000,385.5000,372.2000,376.3500,1395396
2016-02-22,376.0000,377.1000,368.0000,375.3500,1561365
2016-02-19,366.6000,375.3500,359.5500,371.7000,2089018
2016-02-18,358.4000,366.0000,358.0500,363.8500,2006304
2016-02-17,366.8000,366.8000,349.4000,352.6000,2659608
2016-02-16,386.2000,393.9000,356.0000,362.7500,2279719
2016-02-15,385.0000,392.6000,380.4000,388.0000,1314081
2016-02-12,360.0000,390.9000,358.5000,384.1000,2745053
2016-02-11,352.5000,370.0000,352.5000,356.0000,929625
2016-02-10,357.0000,362.6500,350.0000,354.6000,1216081
2016-02-09,362.0000,364.8000,356.0000,357.5500,1131379
2016-02-08,364.0000,369.6000,360.0500,366.4500,534678
2016-02-05,356.0500,366.7000,355.2500,363.7500,1427745
2016-02-04,360.3000,361.5000,355.0500,356.2000,1625492
2016-02-03,363.1000,369.7500,354.2000,356.2000,2146952
2016-02-02,376.2000,376.9500,362.8500,367.4000,1087146
2016-02-01,367.7000,372.4000,345.2000,369.6500,1962826
2016-01-29,370.0000,370.0000,359.1000,361.2000,1300271
2016-01-28,374.0000,377.9000,360.8500,369.3500,4207840
2016-01-27,368.0000,389.1000,366.8000,382.7000,3239841
2016-01-25,365.5000,376.0500,364.5000,367.2500,2164750
2016-01-22,363.0500,366.7500,354.0000,362.6500,2732744
2016-01-21,356.2500,370.0500,353.5000,362.5500,2866505
2016-01-20,372.3000,374.9000,349.7500,353.7000,1908783
2016-01-19,370.0500,378.6500,370.0000,374.1500,1254181
2016-01-18,388.0000,390.4000,362.5500,379.6000,1651128
2016-01-15,395.2000,397.9000,385.7500,388.2500,1464603
2016-01-14,391.0000,398.2500,385.0000,395.2500,1472276
2016-01-13,400.4500,405.9000,395.1000,397.8000,826077
2016-01-12,395.3500,399.0500,385.3000,395.2500,2959353
2016-01-11,396.2000,402.4000,386.5500,395.0500,1279479
2016-01-08,399.7500,411.9000,394.6500,400.2000,2344607
2016-01-07,410.4000,414.1500,397.2500,399.6000,1905084
2016-01-06,421.3500,426.1000,409.0000,410.4000,2759344
2016-01-05,431.0000,434.0000,418.1500,421.2000,1439356
2016-01-04,427.0500,433.6000,420.0500,430.0500,742792
2016-01-01,428.0000,428.0500,421.5000,427.0500,162098
2015-12-31,428.0000,434.9000,423.1000,428.1000,1328803
2015-12-30,415.5000,436.5000,415.5000,427.3000,1415398
2015-12-29,415.0000,417.3000,412.3000,415.1500,707962
2015-12-28,412.1000,422.7500,412.0000,419.2000,639043
2015-12-24,419.0500,423.8500,411.5500,414.3500,1350737
2015-12-23,404.9000,420.0000,399.7000,417.6500,1881454
2015-12-22,400.0000,404.3500,397.6000,400.7000,1854441
2015-12-21,395.0000,401.9500,393.3000,400.1500,1745319
2015-12-18,392.0000,404.5000,392.0000,398.3500,2017434
2015-12-17,390.0000,400.0000,388.5000,392.0000,1060585
2015-12-16,390.0000,392.0000,388.0000,389.9500,1362116
2015-12-15,391.0500,393.4500,387.8000,389.1000,1416069
2015-12-14,394.0000,394.0000,385.8500,390.1000,1094654
2015-12-11,400.1000,400.8000,388.2500,391.3500,1540921
2015-12-10,400.8000,402.2500,395.2000,399.9000,1431269
2015-12-09,404.0000,404.7000,393.3000,397.1500,3514687
2015-12-08,400.0000,409.0000,397.5000,402.9000,2734836
2015-12-07,403.9000,406.9000,398.3500,403.7500,852688
2015-12-04,390.0000,401.9000,388.0000,396.3000,1221273
2015-12-03,399.0000,399.0000,387.9000,391.3000,1192888
2015-12-02,393.3000,404.0000,388.5000,400.9500,2339419
2015-12-01,388.7500,394.1000,385.0500,390.9500,2582132
2015-11-30,395.1000,396.9000,379.1000,387.9500,2968670
2015-11-27,403.4000,408.0000,396.9000,398.6500,2802400
2015-11-26,381.0000,411.2000,380.0000,401.0500,3576479
2015-11-24,380.7500,383.4000,375.6500,377.0000,1058472
2015-11-23,385.4500,391.6500,379.7500,380.7500,874396
2015-11-20,393.8500,394.4000,383.3000,385.0000,745085
2015-11-19,389.1500,394.3000,383.7000,393.4000,1567652
2015-11-18,385.5000,394.4000,382.8000,388.5500,1239629
2015-11-17,373.0000,387.0000,371.2500,385.0000,1590252
2015-11-16,378.0000,378.9500,367.0000,368.6500,765715
2015-11-13,379.6500,386.5000,375.1000,376.6000,1643481
2015-11-10,375.1500,384.0000,373.0000,380.6000,1527057
2015-11-09,371.0000,384.5000,366.9500,380.7000,854065
2015-11-06,372.3000,381.6500,368.4000,379.0500,1246267
2015-11-05,375.5500,384.7000,374.0000,375.2000,2333088
2015-11-04,386.9000,390.2000,374.6500,379.6500,3477526
2015-11-03,385.5000,392.6500,382.2000,385.5000,1413587
2015-11-02,389.9000,398.0000,384.4000,387.3500,1342210
2015-10-30,387.2000,393.8500,386.4000,388.9500,936263
2015-10-29,390.3000,392.3500,383.5000,385.6500,3062328
2015-10-28,382.1000,393.9000,382.1000,390.8000,2740936
2015-10-27,377.9000,389.7500,375.0000,386.5500,1794442
2015-10-26,390.0000,391.7500,378.7500,379.9500,3704144
2015-10-23,413.6000,414.0000,385.1000,388.7000,2801512
2015-10-21,409.0000,414.1500,403.8500,409.4000,941977
2015-10-20,418.8000,420.8000,402.0000,406.2500,1210060
2015-10-19,398.1000,416.3500,397.4500,414.7500,1053170
2015-10-16,400.0000,412.0000,400.0000,401.4500,862437
2015-10-15,409.8500,412.0000,395.7000,399.4000,1281719
2015-10-14,401.0000,413.3000,393.5000,408.0500,1769019
2015-10-13,385.0000,401.1500,375.7500,398.7500,2751120
2015-10-12,405.7500,407.8000,384.4000,386.3000,1623422
2015-10-09,414.8500,414.9500,393.5000,403.2500,3070800
2015-10-08,424.0000,430.0000,402.4500,410.0500,1896560
2015-10-07,423.0000,436.7500,419.7500,430.8000,2151696
2015-10-06,414.5500,430.7000,413.4500,426.5500,2591448
2015-10-05,399.6500,426.0000,397.4500,410.1500,4108959
2015-10-01,363.0000,402.6000,360.0000,397.4000,4290092
2015-09-30,356.5000,366.7000,350.0500,355.2000,5239314
2015-09-29,374.7000,377.0000,341.3500,357.6000,5933628
2015-09-28,399.0000,400.2000,362.7500,377.0500,1988414
2015-09-24,402.0500,405.0500,392.1000,395.7500,1915621
2015-09-23,409.8000,411.6000,390.3000,394.2000,764540
2015-09-22,401.0000,418.0000,399.6000,415.1500,2773004
2015-09-21,386.3000,404.3000,386.3000,401.5500,1168980
2015-09-18,384.4000,394.0000,381.2500,391.0500,1665768
2015-09-16,388.8000,392.0000,377.5000,379.9000,1161894
2015-09-15,400.0000,400.0000,382.0500,389.1500,1791446
2015-09-14,382.0000,400.0000,376.6500,398.1000,2728038
2015-09-11,397.8500,398.7500,370.1000,374.5000,2691262
2015-09-10,406.6000,407.4000,386.2500,391.2000,822857
2015-09-09,402.1500,409.0000,402.1500,407.5500,1384674
2015-09-08,404.0500,412.8000,395.0000,398.0000,546519
2015-09-07,411.9500,414.4000,400.2500,404.9500,839470
2015-09-04,411.0000,413.4500,402.2500,407.5500,1206867
2015-09-03,400.8000,423.9000,399.0000,405.0500,8191537
2015-09-02,410.0000,419.8000,393.9500,396.2500,2487017
2015-09-01,400.0000,429.0000,398.8500,403.1000,3469193
2015-08-31,392.9000,436.0000,390.2000,399.7500,3395039
2015-08-28,396.0000,398.5000,384.0000,390.6500,1667970
2015-08-27,392.0000,403.4500,388.4500,391.6000,1479740
2015-08-26,394.8000,402.4000,384.9500,387.0500,1665838
2015-08-25,377.2000,427.2500,377.2000,402.7000,2292969
2015-08-24,398.0000,398.0000,366.2000,376.3500,1667702
2015-08-21,401.0000,419.8000,400.0000,402.8500,812612
2015-08-20,406.0500,415.0000,388.0500,403.1500,3859556
2015-08-19,418.9000,418.9000,399.0000,406.0500,1049220
2015-08-18,422.0000,422.0000,413.0000,415.9000,1458538
2015-08-17,413.4000,422.3500,407.5000,419.8500,1046107
2015-08-14,430.0000,430.0000,402.0000,410.1000,2248575
2015-08-13,437.0000,440.9500,430.4500,432.2500,929098
2015-08-12,442.4500,444.3500,435.1000,439.0000,837786
2015-08-11,442.1000,447.1500,436.0000,439.9500,1600222
2015-08-10,438.2000,454.7000,437.0000,443.6500,2284248
2015-08-07,453.9500,460.9000,430.0500,436.3000,2354267
2015-08-06,461.0000,465.8000,450.1500,452.4000,1844075
2015-08-05,483.0000,499.6500,460.1500,465.9000,1384919
2015-08-04,478.8000,496.7000,472.8000,480.7000,2493858
2015-08-03,448.9000,479.8000,447.6500,474.7500,2894315
2015-07-31,443.7000,464.0000,443.7000,447.6500,1885259
2015-07-30,444.3000,449.0000,438.0500,443.6000,1753496
2015-07-29,439.0000,448.5500,437.1000,443.0000,2097171
2015-07-28,426.0500,448.3500,426.0500,434.7500,1508760
2015-07-27,423.0500,434.1500,419.9000,426.4500,2583515
2015-07-24,455.4500,455.4500,408.1000,419.9000,2302847
2015-07-23,466.3000,468.7000,445.0000,451.2000,906640
2015-07-22,454.9000,463.3000,450.1000,458.2000,707694
2015-07-21,464.9000,464.9000,437.9000,448.7500,1480502
2015-07-20,470.0000,470.0000,454.5000,460.9000,802053
2015-07-17,459.4500,476.4000,455.3500,470.6500,1416033
2015-07-16,449.5500,461.9500,441.2000,453.4500,999809
2015-07-15,448.0000,450.0000,442.9500,447.3500,769237
2015-07-14,442.8500,449.4000,436.2000,447.9500,1068137
2015-07-13,442.0000,444.7000,435.0500,439.0500,469796
2015-07-10,446.7000,446.7000,434.0000,437.5500,1537007
2015-07-09,453.7000,453.7000,438.5000,443.2000,2607324
2015-07-08,436.0000,453.7500,435.5000,450.3000,1901206
2015-07-07,445.0000,458.0000,434.7000,436.5500,2216795
2015-07-06,460.0000,460.0000,446.4500,450.1500,1204695
2015-07-03,474.5000,474.5000,456.0500,464.5000,990766
2015-07-02,448.0000,485.0000,444.1000,479.8500,1743154
2015-07-01,453.7000,453.7000,439.7500,440.9500,763849
2015-06-30,456.8000,459.9500,441.2500,447.0000,2153742
2015-06-29,431.7000,458.4500,422.1000,449.9000,1385228
2015-06-26,456.3000,458.9000,433.0000,435.8000,1393353
2015-06-25,458.3500,471.7500,452.2500,458.9500,1639161
2015-06-24,475.0000,478.4500,461.1500,463.3500,2196658
2015-06-23,481.6000,484.6000,472.1000,480.4500,1281923
2015-06-22,470.0000,486.9000,458.0000,482.3000,1831179
2015-06-19,461.3000,475.0000,456.1000,466.0500,1964630
2015-06-18,469.6000,469.6000,450.3000,455.9500,2133088
2015-06-17,464.0000,475.0000,458.0000,473.2500,1412704
2015-06-16,460.2000,470.8000,451.2500,461.4000,1425010
2015-06-15,441.7000,461.8500,435.0000,455.0500,962829
2015-06-12,456.0000,456.0000,436.4000,441.3000,1097347
2015-06-11,448.5500,474.0000,447.0000,456.7000,2065007
2015-06-10,451.8000,464.2000,433.0000,443.3000,1762375
2015-06-09,453.3000,457.0000,441.2500,448.0000,2181492
2015-06-08,442.1000,452.7000,435.0000,448.0500,943253
2015-06-05,428.2000,450.6000,421.5500,447.1000,3604579
2015-06-04,424.0000,441.0000,416.3000,435.2000,1884624
2015-06-03,454.0000,454.1000,414.0500,423.9500,2216493
2015-06-02,465.1000,474.0000,445.4000,453.8000,2758029
2015-06-01,462.1000,474.9000,437.6500,471.4500,7329572
2015-05-29,440.0000,487.7000,436.0000,478.8500,49323892
2015-05-28,436.1000,451.0000,418.6500,440.7500,5983896
2015-05-27,450.0000,455.9500,425.5000,437.8500,3299963
2015-05-26,448.8000,490.6000,445.1000,462.0000,6941574
2015-05-25,434.6000,459.4500,426.1000,450.7000,2468857
2015-05-22,436.9000,438.4000,421.3000,434.0500,1801813
2015-05-21,445.5500,447.9500,431.0000,434.1000,2546070
2015-05-20,433.5500,473.0000,432.1000,448.7000,6387911
2015-05-19,415.7500,441.7500,415.7500,430.2000,3265200
2015-05-18,417.8000,419.0000,412.1500,418.0000,3231749
2015-05-15,404.3000,415.1500,401.0000,410.0000,3815210
2015-05-14,392.1500,405.0000,388.7500,401.1500,6007048
2015-05-13,390.0000,405.4500,387.2000,392.1500,5765458
2015-05-12,388.0000,391.9500,382.4500,384.5000,2095784
2015-05-11,395.4000,395.4000,381.3000,390.1500,2695463
2015-05-08,376.0000,393.7000,374.0000,388.2000,1301327
2015-05-07,378.5500,388.8000,364.4000,369.4500,2471178
2015-05-06,392.0000,398.0000,375.7500,385.9000,1708594
2015-05-05,398.0000,399.6500,387.0000,391.0000,664628
2015-05-04,405.1000,405.1000,384.2500,396.3000,1385449
2015-04-30,398.9000,402.9000,394.5000,401.3000,1228520
2015-04-29,404.8500,404.8500,382.5000,395.3000,7377483
2015-04-28,390.0500,422.0000,387.1000,401.0500,2235637
2015-04-27,375.0500,402.0000,371.6500,395.5500,1590750
2015-04-24,368.0000,377.0000,366.1000,373.3000,749654
2015-04-23,366.4000,373.9000,364.8000,371.9000,793727
2015-04-22,370.9500,373.8000,355.5500,367.6000,1798356
2015-04-21,373.6000,374.5000,365.2000,369.1000,931888
2015-04-20,373.0000,379.8000,366.5500,370.1500,1709456
2015-04-17,379.6500,381.8500,372.0000,374.9000,2600023
2015-04-16,378.4000,384.8000,378.4000,380.7500,2690538
2015-04-15,381.2500,386.0000,373.8000,377.1500,9375011
2015-04-13,376.5500,386.5000,374.0000,385.2500,1103858
2015-04-10,381.0000,381.0000,369.0000,376.5500,2466852
2015-04-09,375.1000,382.9000,375.1000,380.1000,403291
2015-04-08,388.7000,388.7000,369.9500,374.4000,2327544
2015-04-07,380.0000,385.4500,379.8500,384.9500,1447760
2015-04-06,394.4000,394.4000,375.4000,379.9000,967916
2015-04-01,386.9000,387.6000,384.0000,384.9500,2214370
2015-03-31,386.9500,387.9500,383.9500,385.0000,2820740
2015-03-30,377.1000,388.9000,377.1000,385.4500,1219396
2015-03-27,378.0000,384.9000,374.0000,377.6000,3194270
2015-03-26,390.0000,393.8500,375.5500,377.2000,2527566
2015-03-25,387.2000,399.3500,387.2000,391.4500,1151186
2015-03-24,386.0000,388.4000,382.2500,387.2000,628989
2015-03-23,379.3000,386.9000,375.3500,384.4500,758862
2015-03-20,386.0000,389.0000,371.5000,385.3500,2788169
2015-03-19,379.0000,387.9000,378.5500,384.7500,1484289
2015-03-18,387.5000,389.8000,371.4000,380.0500,714703
2015-03-17,381.0000,396.4500,375.5000,383.9500,986793
2015-03-16,385.2000,389.8500,375.2500,382.0500,647451
2015-03-13,388.0500,392.8500,384.9000,387.9000,6885531
2015-03-12,377.2500,393.7000,377.2500,389.2500,2822373
2015-03-11,365.2500,386.0000,365.2500,377.6500,2125133
2015-03-10,370.0500,376.9000,366.5500,369.9500,3702919
2015-03-09,361.0000,369.0000,361.0000,364.9500,3572715
2015-03-05,357.6500,366.9500,357.6500,363.9000,2582823
2015-03-04,359.1000,366.0000,358.0000,361.2000,1417522
2015-03-03,359.0000,365.0000,355.6000,358.7000,2287198
2015-03-02,367.8500,370.0000,358.5000,359.6500,5874084
2015-02-28,368.0823,368.6322,367.5962,367.8500,402234
2015-02-27,364.0000,377.0000,362.1000,367.6500,2529428
2015-02-26,358.3000,371.0000,347.1000,366.5000,26541531
2015-02-25,369.0000,374.7000,368.0500,372.3000,594419
2015-02-24,363.1000,371.0000,361.5000,369.6500,10050875
2015-02-23,365.9000,374.0000,362.0000,367.3000,532741
2015-02-20,371.8000,371.8000,357.2000,361.1500,1460682
2015-02-19,375.7000,375.7000,366.5000,368.2500,890896
2015-02-18,364.1000,369.6500,363.0000,364.4500,299416
2015-02-16,360.9000,373.0000,359.2000,370.2500,1189914
2015-02-13,367.0000,367.0000,353.0000,358.8500,1368567
2015-02-12,362.0000,368.7500,338.5000,364.1000,5133570
2015-02-11,366.2500,369.8000,356.2000,360.9500,1316570
2015-02-10,373.0000,373.0000,354.4000,369.8000,990877
2015-02-09,382.7000,382.7000,367.5500,373.0000,1285729
2015-02-06,379.4000,381.0000,374.8000,378.2500,1762202
2015-02-05,377.0000,381.0000,368.2000,376.8000,1146554
2015-02-04,382.4000,385.0000,371.0000,377.5500,3751978
2015-02-03,367.0000,383.7500,365.2500,376.3000,2359736
2015-02-02,369.8000,374.7500,368.3000,370.1000,701024
2015-01-30,380.0500,386.9500,340.1000,361.8500,2409411
2015-01-29,379.8500,379.8500,368.6000,373.6000,291433
2015-01-28,364.8500,381.8000,362.2500,379.8500,1655581
2015-01-27,364.2000,368.8000,360.5500,363.6500,769937
2015-01-23,364.0000,373.3000,359.4500,368.5000,1165896
2015-01-22,352.2000,364.7500,352.2000,360.7000,1031616
2015-01-21,361.7000,375.0000,358.0500,365.3000,2008557
2015-01-20,340.2500,361.2500,340.2500,353.8000,1175942
2015-01-19,335.2000,343.0000,335.2000,342.1000,529280
2015-01-16,345.0000,345.0000,337.0000,340.0000,73034
2015-01-15,335.3500,346.6000,335.3500,340.1000,978890
2015-01-14,340.1000,342.0000,332.2000,339.2000,853036
2015-01-13,347.9500,347.9500,338.9000,340.7000,234783
2015-01-12,338.2000,343.8500,338.2000,342.5000,141701
2015-01-09,350.0000,350.0000,339.5000,343.0000,1173328
2015-01-08,343.3500,346.0000,343.0500,344.0500,1423694
2015-01-07,342.0000,347.3000,341.6500,342.6500,701097
2015-01-06,342.0000,351.6000,338.3000,341.5500,1267514
2015-01-05,332.5000,347.6500,332.5000,342.4000,662811
2015-01-02,335.6000,340.6000,334.9500,337.2000,371430
2015-01-01,333.5000,340.5000,329.8500,339.3000,103654
2014-12-31,324.0500,348.7000,322.4500,336.9000,1115608
2014-12-30,323.0500,325.7000,323.0500,323.9500,375835
2014-12-29,327.2500,333.0000,322.0000,323.9000,256233
2014-12-26,333.0500,334.7000,321.3500,332.8500,203378
2014-12-24,339.5000,339.5000,319.0000,332.9000,612832
2014-12-23,337.5500,341.0000,331.2000,336.0000,559387
2014-12-22,346.6000,349.9000,331.1500,337.5500,665799
2014-12-19,351.3000,355.0000,349.0000,349.9500,1124847
2014-12-18,359.9000,359.9000,348.8000,351.3000,632535
2014-12-17,347.8000,356.7500,342.0000,349.6500,2095792
2014-12-16,348.6000,348.6000,339.2500,345.7000,1116148
2014-12-15,336.7000,351.0000,336.4000,346.8500,2022418
2014-12-12,350.0000,350.7500,335.2000,340.6000,2541278
2014-12-11,331.0000,371.9000,331.0000,346.7000,4909942
2014-12-10,320.0000,333.6000,320.0000,330.1000,1128952
2014-12-09,308.9000,323.0000,305.5500,318.3500,1452733
2014-12-08,311.0000,317.5000,307.7500,310.9500,4562211
2014-12-05,294.0000,312.7500,293.5000,309.7000,1996863
2014-12-04,287.0000,297.7000,287.0000,295.6000,550218
2014-12-03,288.4500,291.0000,280.4500,288.3000,927138
2014-12-02,298.4000,300.0000,278.2500,284.6000,1444049
2014-12-01,298.3500,301.1000,298.3500,299.6000,326485
2014-11-28,298.1000,303.0000,294.6000,300.1500,1072236
2014-11-27,297.7500,301.4000,297.7500,299.7500,488756
2014-11-26,297.0000,301.9500,297.0000,299.9500,466458
2014-11-25,297.3000,303.8500,297.3000,299.9500,1466167
2014-11-24,297.5500,304.1500,296.3000,299.7000,3926342
2014-11-21,297.5500,302.1500,293.9000,299.5500,1577808
2014-11-20,300.0000,301.2000,296.5000,300.0000,1607160
2014-11-19,302.9000,303.0000,296.0000,300.0500,416012
2014-11-18,298.0000,306.9000,295.0000,300.0500,1538837
2014-11-17,295.0000,303.0000,295.0000,300.1000,278616
2014-11-14,295.7000,302.5000,292.6000,298.9500,773748
2014-11-13,291.0000,296.8500,290.0000,294.8000,484328
2014-11-12,287.6500,297.4500,282.3500,290.4500,1009582
2014-11-11,286.0000,292.9000,285.1000,290.3000,1447414
2014-11-10,276.0000,291.0500,275.4000,287.4000,1031229
2014-11-07,296.9500,296.9500,274.0000,278.6000,1207547
2014-11-05,308.7000,309.7500,283.6000,291.4000,3085730
2014-11-03,292.0500,311.8000,292.0500,302.1500,2359026
2014-10-31,292.4000,297.3500,289.3000,294.4500,1982625
2014-10-30,291.8000,291.9500,288.0000,290.9000,417904
2014-10-29,293.0000,293.0000,285.5500,290.0500,909860
2014-10-28,294.4000,299.5000,287.4000,289.4000,771250
2014-10-27,302.5000,302.5000,288.0000,290.4000,269985
2014-10-22,290.0500,299.4500,290.0500,296.7000,538457
2014-10-21,284.0500,292.0000,284.0500,290.5000,840266
2014-10-20,285.0000,290.2500,283.4000,285.0000,907612
2014-10-17,282.0000,285.6000,281.7000,283.5000,246774
2014-10-16,286.2000,290.2500,281.0000,282.5500,451090
2014-10-15,290.2500,290.2500,290.2500,290.2500,0
2014-10-14,288.1000,292.7000,288.0500,290.2500,181481
2014-10-13,289.7000,290.9000,285.2500,288.6500,193401
2014-10-10,292.7000,295.9000,283.4000,288.0000,541199
2014-10-09,290.0000,295.9500,280.5500,288.2000,1311881
2014-10-08,287.1000,294.7000,287.0500,289.5500,834600
2014-10-07,282.3000,299.7000,279.5000,288.5500,1360231
2014-10-01,295.1500,300.0000,275.2500,280.6000,2392171
2014-09-30,293.8500,304.9000,289.0000,294.7500,1247644
2014-09-29,292.5000,302.8000,292.0000,298.2000,1446284
2014-09-26,295.0500,298.7500,286.5000,291.0500,578797
2014-09-25,288.3000,304.8000,286.5500,300.1000,1045878
2014-09-24,283.1000,300.4500,281.0000,283.7000,826989
2014-09-23,293.0000,296.0000,285.0000,287.3000,640677
2014-09-22,310.0500,310.2000,290.2000,293.9500,2947500
2014-09-19,314.5500,319.5000,296.1000,312.6000,2821898
2014-09-18,310.0000,322.0000,302.8000,315.8500,2245778
2014-09-17,299.9500,314.8000,290.1500,309.7000,1685294
2014-09-16,298.5000,306.3000,287.0500,297.6500,1662257
2014-09-15,280.0000,299.0000,276.0000,297.1500,1821824
2014-09-12,282.1000,286.0500,278.8500,281.8500,3335827
2014-09-11,284.0000,287.4000,276.3000,281.9000,600986
2014-09-10,291.0500,292.0000,282.1000,284.4000,1165719
2014-09-09,302.0000,305.8000,281.2500,293.9500,2514986
2014-09-08,280.3000,301.1000,267.8000,296.2000,2413406
2014-09-05,289.0000,291.0000,278.0000,280.3000,1105121
2014-09-04,280.0000,291.4000,276.2500,285.1000,913899
2014-09-03,275.0000,281.6000,275.0000,279.4500,1061336
2014-09-02,270.0000,278.6000,267.5500,273.2500,993185
2014-09-01,263.0500,270.0000,263.0500,269.0500,622721
2014-08-28,254.7500,265.6000,254.2000,263.5500,365100
2014-08-27,254.6000,257.6000,250.2000,254.8000,613875
2014-08-26,259.0000,264.2500,252.1000,253.7000,639500
2014-08-25,260.0000,262.8000,253.3000,260.7000,1236200
2014-08-22,262.0000,267.0000,252.6000,255.1500,418009
2014-08-21,262.0000,270.5000,258.5000,264.7500,10947266
2014-08-20,265.8000,266.7000,258.2000,262.0500,1699046
2014-08-19,269.0000,272.8000,261.0000,264.7000,2514322
2014-08-18,267.5500,271.6500,266.0500,269.3500,1271382
2014-08-14,266.7500,268.2000,262.1000,267.6000,1656867
2014-08-13,263.1000,270.4000,263.1000,267.9500,2856187
2014-08-12,259.0000,270.7000,259.0000,268.0000,2297937
2014-08-11,258.9500,267.9500,251.0000,261.0500,1102827
2014-08-08,250.7000,261.4500,243.2000,258.9000,2333569
2014-08-07,255.0000,255.4500,251.6000,252.8500,1943858
2014-08-06,276.7500,276.7500,268.0500,271.8500,519597
2014-08-05,267.3000,276.8000,267.3000,275.0500,1596611
2014-08-04,263.4500,274.9000,263.4500,267.3000,448977
2014-08-01,257.9000,266.0000,254.2000,262.4000,384331
2014-07-31,253.0000,259.0500,253.0000,256.0000,808752
2014-07-30,252.3000,267.3000,251.7500,252.5500,1735223
2014-07-28,258.3000,260.3500,255.3000,257.3000,238298
2014-07-25,265.0000,266.9500,258.1000,260.7000,863233
2014-07-24,265.0500,267.9000,260.0000,261.6500,147054
2014-07-23,269.0000,270.6000,266.1500,269.3500,602425
2014-07-22,258.5500,270.0000,258.5500,268.0000,233553
2014-07-21,265.0000,266.8000,260.0000,261.2000,497460
2014-07-18,264.0000,265.2500,261.0500,264.4500,148864
2014-07-17,264.1000,268.0000,258.4000,264.8500,1088807
2014-07-16,263.0000,265.0500,263.0000,264.1500,128444
2014-07-15,254.8000,265.9500,254.8000,262.9500,358988
2014-07-14,253.3000,259.5000,248.0000,254.8000,130650
2014-07-11,252.1500,259.0000,252.0000,255.9000,528060
2014-07-10,249.9000,258.9000,249.5000,253.9500,249847
2014-07-09,253.0000,254.7000,246.2000,252.4000,108440
2014-07-08,258.7500,261.4000,246.6500,253.7500,776378
2014-07-07,260.2500,262.9000,252.0000,254.3000,645769
2014-07-04,270.0000,271.0000,260.1500,261.0000,222290
2014-07-03,265.5000,269.7000,263.1000,267.0000,175497
2014-07-02,259.3500,269.0000,255.0500,264.7000,376878
2014-07-01,256.2500,274.9000,256.2500,259.9500,1150182
2014-06-30,258.6000,262.0000,250.2500,255.6000,143398
2014-06-27,250.0000,266.0000,249.9500,263.0500,1141963
2014-06-26,248.2000,261.5500,248.2000,249.9500,898767
2014-06-25,248.0000,250.4000,245.9500,248.2000,406030
2014-06-24,235.7500,249.9000,232.5000,247.4000,179763
2014-06-23,241.1000,243.0000,234.5500,235.7500,104132
2014-06-20,251.0000,251.0000,240.0500,242.5000,146262
2014-06-19,244.1000,250.0000,243.0500,249.2000,58442
2014-06-18,256.0000,256.0000,245.0000,246.6000,326439
2014-06-17,245.1000,256.0000,245.1000,252.5500,1289332
2014-06-16,254.8000,254.8000,244.0000,246.1500,404220
2014-06-13,264.0000,264.0000,249.7500,251.3500,453550
2014-06-12,259.0000,261.7000,258.5000,259.9500,500775
2014-06-11,263.5500,263.5500,251.8500,259.7000,572428
2014-06-10,247.0500,268.0000,244.1000,259.9500,1403755
2014-06-09,241.1000,246.5000,240.1500,245.0000,536589
2014-06-06,244.0000,245.5000,240.0000,244.7500,1891144
2014-06-05,245.0000,246.5000,241.4000,244.9000,620174
2014-06-04,233.0000,245.4500,233.0000,244.9500,958024
2014-06-03,236.1000,241.0000,233.0500,234.0500,92411
2014-06-02,232.4500,239.4500,230.0500,236.1500,542231
2014-05-30,237.2500,237.2500,228.2500,231.5000,281269
2014-05-29,239.9000,239.9000,231.3500,234.5500,147686
2014-05-28,232.9000,242.0000,231.0500,239.8500,210017
2014-05-27,240.0500,241.6500,229.2000,231.9500,89596
2014-05-26,240.0000,245.0000,236.1500,238.9000,1024333
2014-05-23,238.0000,241.9000,230.2500,235.8500,1057850
2014-05-22,235.0000,240.2000,232.6000,239.0500,524979
2014-05-21,233.0500,235.1000,231.0000,234.9000,471878
2014-05-20,235.0000,235.0000,226.0000,233.7500,92216
2014-05-19,234.0000,235.5000,232.4500,234.9500,330224
2014-05-16,227.0000,236.0000,216.8500,233.1500,431708
2014-05-15,238.0000,239.4000,229.0000,230.9000,231287
2014-05-14,220.6500,247.1000,220.6500,236.3000,2654454
2014-05-13,222.1000,225.1000,221.3500,223.6500,282065
2014-05-12,223.0000,224.3000,221.0000,221.9000,179672
2014-05-09,225.0000,225.0000,219.0000,223.7500,166157
2014-05-08,224.0000,225.1000,216.1500,224.5000,248356
2014-05-07,224.5000,225.3500,223.0000,224.6500,467570
2014-05-06,215.0000,223.0000,214.1000,222.6000,403713
2014-05-05,220.0000,223.8500,202.5000,213.5500,3167480
2014-05-02,217.0000,222.1000,212.0000,219.3000,894038
2014-04-30,216.0000,218.5000,214.0000,215.6500,1958930
2014-04-29,214.9500,216.0000,211.2000,214.9500,2313137
2014-04-28,211.0000,214.5000,208.0500,213.3000,810349
2014-04-25,210.0000,214.0000,208.6000,211.4000,4835864
2014-04-24,203.7000,203.7000,203.7000,203.7000,0
2014-04-23,198.9500,209.4000,197.6000,203.7000,1995964
2014-04-22,196.0000,200.0500,196.0000,198.9500,205694
2014-04-21,195.1500,199.9000,195.1500,198.3500,444154
2014-04-17,196.0000,200.0000,191.7000,195.1500,494632
2014-04-16,194.1500,197.9000,194.1500,195.7000,310889
2014-04-15,196.0000,197.9500,194.5500,195.6000,102261
2014-04-11,196.0500,198.6000,195.0500,195.4000,45632
2014-04-10,196.5500,199.8000,194.5500,195.9500,62984
2014-04-09,200.0000,200.0000,195.4000,195.9500,178135
2014-04-07,196.1000,202.8500,196.1000,200.2500,56456
2014-04-04,200.0000,201.4000,198.5000,199.8000,124539
2014-04-03,201.1500,203.4500,195.0000,199.1000,1226119
2014-04-02,204.5000,205.7000,201.4500,203.0500,36041
2014-04-01,202.1000,205.9000,200.0500,203.7500,820777
2014-03-31,205.1000,210.2500,200.5500,203.4000,70932
2014-03-28,208.0000,209.7000,202.1000,204.0000,156180
2014-03-27,205.0500,210.4500,205.0500,209.5000,1357085
2014-03-26,200.0000,209.4500,199.0000,207.0500,786460
2014-03-25,193.8000,202.0000,188.0000,199.7000,12993066
2014-03-24,195.3500,200.5000,195.3500,197.9000,52886
2014-03-22,195.1966,196.0047,195.0029,195.3500,96103
2014-03-21,195.0500,200.0000,190.0000,199.6500,917772
2014-03-20,197.3000,199.7500,195.5000,196.2000,116450
2014-03-19,195.5000,201.3000,195.5000,199.3000,1091766
2014-03-18,194.0000,202.9500,194.0000,199.9000,766649
2014-03-14,199.8500,202.0000,194.0000,196.1500,127283
2014-03-13,202.2500,205.9000,198.0000,199.8500,595835
2014-03-12,207.5000,209.2000,202.0000,203.0000,978724
2014-03-11,211.9000,213.9500,204.0500,210.9000,1691837
2014-03-10,202.0000,214.0000,202.0000,211.9000,991069
2014-03-07,209.9000,215.0000,202.4000,205.4500,390017
2014-03-06,201.9000,207.4000,201.9000,206.6000,1575824
2014-03-05,197.5000,214.0000,197.0500,201.5000,2555115
2014-03-04,190.0000,193.9000,185.0500,190.3000,2440949
2014-03-03,177.2000,193.0000,177.2000,187.6000,364203
2014-02-28,172.0000,181.8000,172.0000,179.8000,1959185
2014-02-26,171.0000,172.2500,169.0000,171.9500,1497090
2014-02-25,170.2500,172.5000,170.0000,171.8500,1541690
2014-02-24,169.2000,173.4500,169.2000,171.5000,771916
2014-02-21,170.5000,173.9000,168.5000,172.4000,1377669
2014-02-20,169.5500,171.7500,168.4500,170.1500,20110
2014-02-19,171.0000,172.5000,167.9000,171.2500,28736
2014-02-18,169.2500,171.8000,168.5500,170.6000,573261
2014-02-17,174.9000,176.0000,165.0000,170.0000,752568
2014-02-14,168.0000,174.3000,167.9000,172.7500,2860468
2014-02-13,167.0500,168.6500,165.5000,168.3500,349376
2014-02-12,167.9500,168.9000,166.7500,167.9500,1988042
2014-02-11,165.7500,169.2500,165.0000,167.0000,197195
2014-02-10,167.9500,169.5000,164.5000,165.7500,1233008
2014-02-07,168.2500,173.5000,165.7500,167.0500,2720807
2014-02-06,164.6000,173.3500,164.6000,169.5000,306438
2014-02-05,164.0500,169.8000,164.0500,165.8500,133255
2014-02-04,165.0000,168.0000,163.7000,165.2500,115192
2014-02-03,172.0000,172.0000,162.3500,164.4500,331524
2014-01-31,171.9500,173.1000,170.5000,171.9500,173173
2014-01-30,173.0000,173.1000,168.5000,171.2500,178340
2014-01-29,175.0000,177.5500,172.7500,174.0000,415425
2014-01-28,168.0000,173.6500,167.5000,171.7500,184255
2014-01-27,175.0000,175.1000,166.0000,167.7500,736309
2014-01-24,170.9000,175.2000,169.1000,174.1000,1690454
2014-01-23,161.6000,171.4500,161.6000,168.0500,2706015
2014-01-22,165.2500,169.5000,164.0000,165.4000,14664
2014-01-21,166.2000,168.0000,165.3500,166.9500,40312
2014-01-20,166.2500,170.4500,166.0500,167.6000,62805
2014-01-17,170.2000,173.6500,165.4000,171.9000,476833
2014-01-16,176.5500,176.5500,170.0000,172.8000,618233
2014-01-15,172.7000,176.9000,172.7000,174.9000,2272058
2014-01-14,177.9000,179.8000,174.0000,175.2500,20377
2014-01-13,176.0500,178.5000,175.0000,176.4000,22147
2014-01-10,177.9000,178.5000,168.6000,177.7500,611082
2014-01-09,175.1000,178.1500,175.1000,177.2000,52817
2014-01-08,174.9500,177.9500,173.2000,176.9500,58616
2014-01-07,176.2000,180.0000,173.8500,174.8000,81502
2014-01-06,175.0000,178.7000,170.2500,176.0500,1127035
2014-01-03,172.0000,175.9500,170.0000,174.8000,483177
2014-01-02,166.6000,172.3000,166.6000,171.5000,98992
2014-01-01,169.5000,170.0000,167.7500,168.1500,13233
2013-12-31,168.0000,169.8500,167.6000,168.5500,42516
2013-12-30,168.1000,170.0000,168.0000,169.1500,70211
2013-12-27,170.0000,170.0000,166.0000,168.6500,93082
2013-12-26,169.3000,172.5000,168.0000,169.0000,28204
2013-12-24,171.0000,174.0000,167.0000,168.4500,69478
2013-12-23,174.2000,179.7500,166.8000,169.8500,6372955
2013-12-20,175.0000,178.0000,172.3000,175.7000,426335
2013-12-19,175.5000,178.8000,174.9500,177.0500,72249
2013-12-18,175.0500,176.9500,175.0000,175.1000,63096
2013-12-17,175.0500,177.4500,175.0000,175.5000,288162
2013-12-16,169.7500,175.6500,169.7500,173.3500,24212
2013-12-13,177.0000,178.9500,172.2000,173.5500,37822
2013-12-12,184.0000,185.5000,175.0000,179.0000,631194
2013-12-11,182.1500,189.9000,181.1000,184.9000,2444412
2013-12-10,176.9500,182.0000,172.2500,179.8500,490500
2013-12-09,172.7000,180.0000,172.5000,176.9500,344730
2013-12-06,167.9000,175.4000,162.0000,172.1000,580989
2013-12-05,163.5500,167.9000,163.0000,166.0000,283250
2013-12-04,160.6000,168.7000,159.7500,163.6500,320339
2013-12-03,157.0000,161.8000,157.0000,160.0000,91167
2013-12-02,158.0500,160.4000,157.0000,158.4500,75970
2013-11-29,156.4500,159.0000,156.4500,158.1500,24394
2013-11-28,157.5000,160.5500,156.0000,156.1500,41317
2013-11-27,159.5000,162.0000,158.2500,159.0500,248920
2013-11-26,161.0500,162.7500,159.5500,160.6000,36944
2013-11-25,159.1500,163.6500,158.0000,162.0500,81701
2013-11-22,158.5500,159.7500,158.5500,159.1500,98795
2013-11-21,157.1000,159.6500,157.0000,158.9000,176288
2013-11-20,156.5500,159.8000,156.5500,158.1000,20546
2013-11-19,156.6500,162.8500,156.4500,157.4500,27902
2013-11-18,154.5000,160.2000,154.5000,159.0000,838177
2013-11-14,152.6500,158.7000,152.6000,157.8000,244658
2013-11-13,151.3000,158.4500,151.3000,155.3000,742653
2013-11-12,158.0500,162.9500,153.1000,154.2500,293726
2013-11-11,169.8000,169.8000,158.5000,159.7500,140861
2013-11-08,169.8000,172.0000,166.0500,167.3000,215692
2013-11-07,167.9000,169.4000,165.5500,168.0000,112960
2013-11-06,159.0000,169.7500,158.0500,165.2000,687749
2013-11-05,160.6000,163.7500,155.1000,160.9500,713674
2013-11-01,160.5500,167.8000,160.5500,162.1000,362749
2013-10-31,153.0000,169.0000,151.4000,164.8500,651741
2013-10-30,151.1500,156.4000,151.0000,153.6000,1747175
2013-10-29,154.0000,154.0000,150.2500,151.5000,814819
2013-10-28,151.7500,156.5000,150.2500,153.8000,815866
2013-10-25,158.5500,159.8500,157.2500,157.9000,142772
2013-10-24,160.1000,161.5000,158.7500,159.0500,156363
2013-10-23,160.0500,162.1000,158.0000,160.1000,35733
2013-10-22,163.5000,163.5000,161.0000,161.9000,14807
2013-10-21,158.0000,166.8000,158.0000,164.4500,146191
2013-10-18,158.6500,161.9000,158.6500,160.0500,337306
2013-10-17,156.5000,160.9500,156.5000,159.9500,736363
2013-10-15,159.8000,162.0000,159.3000,160.1000,37445
2013-10-14,159.0000,162.0000,157.6500,159.9500,641520
2013-10-11,156.8500,159.9500,156.8500,157.5500,18291
2013-10-10,155.2000,160.0000,155.2000,159.4500,26880
2013-10-09,156.4000,160.0000,156.4000,157.9500,11793
2013-10-08,158.4000,159.1000,153.1000,157.8000,64055
2013-10-07,156.4000,163.5000,156.2000,159.1000,113567
2013-10-04,153.0000,158.4500,153.0000,157.5500,112511
2013-10-03,151.5000,156.0000,151.5000,155.0500,280689
2013-10-01,155.0000,156.4500,150.7000,152.5500,331676
2013-09-30,156.2000,160.0000,155.0000,156.4000,41366
2013-09-27,159.5000,162.5000,157.8500,159.7500,380213
2013-09-26,163.8500,163.8500,157.0500,159.3000,671492
2013-09-25,164.7000,164.7000,157.0000,160.1000,630789
2013-09-24,164.9000,164.9000,158.3000,159.5000,92554
2013-09-23,160.2500,161.0500,157.4000,158.9500,174305
2013-09-20,162.2000,166.0500,158.0000,162.4500,586631
2013-09-19,160.0000,170.1500,159.0500,165.1000,3252328
2013-09-18,156.0000,160.0000,155.9500,159.0500,63656
2013-09-17,156.9000,159.4000,155.2000,158.0500,314184
2013-09-16,157.8500,157.9500,155.0000,156.5000,66014
2013-09-13,156.9500,157.9000,155.0000,156.2000,6870
2013-09-12,153.9500,158.4000,152.2000,154.8000,123719
2013-09-11,144.0000,155.0000,144.0000,152.0500,2204532
2013-09-10,141.5000,148.0000,141.5000,146.7500,433857
2013-09-06,145.6500,148.0000,142.6500,144.5500,138323
2013-09-05,137.0000,142.0000,137.0000,140.6500,57712
2013-09-04,136.3500,139.7000,136.2500,138.4000,84644
2013-09-03,137.7500,138.5500,135.7500,137.4500,70498
2013-09-02,139.2000,141.0000,134.0500,138.7000,78028
2013-08-30,132.9500,140.6500,132.1500,139.2000,77544
2013-08-29,136.5000,138.9000,132.2000,134.7500,21526
2013-08-28,129.0000,143.0000,126.5000,134.2500,65743
2013-08-27,132.0000,134.8000,127.1500,130.6500,164115
2013-08-26,139.3000,139.5000,128.5000,132.3000,1110011
2013-08-23,139.0000,140.0000,136.0000,138.2500,1037542
2013-08-22,137.3500,142.0000,135.1500,140.4000,51997
2013-08-21,148.0000,148.0000,135.1000,139.1000,110242
2013-08-20,147.8500,148.8000,144.5000,146.4000,865457
2013-08-19,148.3500,149.9500,147.0000,148.8000,1677259
2013-08-16,149.0000,151.0000,147.5500,150.0000,55916
2013-08-14,149.0500,151.4000,148.1000,150.1000,77059
2013-08-13,148.7500,152.0000,147.1000,149.8500,95576
2013-08-12,149.0000,153.5000,147.2500,150.7000,61626
2013-08-08,147.9500,153.8500,147.1000,150.2000,60134
2013-08-07,146.1500,149.9000,143.1000,147.1000,81801
2013-08-06,148.1000,150.0000,145.1000,146.5000,99372
2013-08-05,148.1000,151.0000,147.6000,149.9000,252727
2013-08-02,149.9000,150.6000,146.6000,148.8000,76403
2013-08-01,147.3000,151.2500,146.1000,148.4000,128270
2013-07-31,147.5000,154.0000,145.0000,148.8000,166558
2013-07-30,147.8500,150.0000,146.0000,149.4000,188613
2013-07-29,149.0000,152.0000,141.7500,145.0500,894431
2013-07-26,149.0000,153.0000,148.0000,150.1000,33259
2013-07-25,148.1000,151.0500,148.1000,149.1000,122067
2013-07-24,147.7500,152.9500,147.7500,150.3000,40311
2013-07-23,153.1000,153.3000,149.4500,151.5000,58787
2013-07-22,153.0000,156.0000,150.1000,153.3000,24125
2013-07-19,155.2000,156.1000,152.0500,154.8500,18664
2013-07-18,154.1500,157.0000,152.8000,156.1000,37866
2013-07-17,159.8500,159.8500,152.5000,154.8000,457322
2013-07-16,159.3376,160.8541,158.9575,159.8500,469542
2013-07-15,158.2298,159.9800,158.0510,159.3376,899254
2013-07-12,154.0000,158.0000,154.0000,157.0500,104212
2013-07-11,152.0000,156.0000,152.0000,155.8500,92686
2013-07-10,150.2000,153.0000,149.4500,151.9000,19930
2013-07-09,149.0000,152.7500,149.0000,150.9000,303690
2013-07-08,152.5000,152.5000,149.0000,150.9500,25020
2013-07-05,152.0000,157.0000,152.0000,152.5000,174333
2013-07-04,152.0000,155.0000,152.0000,153.7500,262760
2013-07-03,150.0000,157.6500,147.0000,153.9500,242533
2013-07-02,154.0000,154.0000,149.3000,152.0000,485273
2013-07-01,150.0000,154.5000,150.0000,153.0500,633345
2013-06-28,152.1500,154.7000,151.6000,152.9000,1215038
2013-06-27,141.0000,151.5000,141.0000,148.9000,513217
2013-06-26,141.5000,145.0000,139.4000,143.9000,277131
2013-06-25,147.0000,147.7000,140.1500,142.3500,899437
2013-06-24,146.0000,151.9000,145.0500,148.4500,36590
2013-06-21,144.9500,150.4000,143.5500,147.1500,65910
2013-06-20,154.0000,154.0000,140.3000,144.9500,301822
2013-06-19,150.0000,158.4000,149.2000,154.9000,250651
2013-06-18,153.0000,154.9000,149.3000,151.8000,57293
2013-06-17,153.0000,159.9500,150.5000,152.1000,107225
2013-06-14,152.2500,155.4500,152.2500,155.0000,979836
2013-06-13,150.0000,155.7000,149.3000,153.7500,261250
2013-06-12,153.9000,164.4000,148.5000,152.2500,165941
2013-06-11,161.0000,162.0000,152.5000,153.9000,55188
2013-06-10,164.0000,165.9500,160.0000,162.7000,43095
2013-06-07,168.2000,168.5000,165.0000,165.3000,208980
2013-06-06,168.3000,170.0000,166.6500,168.7500,36858
2013-06-05,168.2000,170.0000,168.2000,169.1000,795355
2013-06-04,168.0000,172.0000,168.0000,169.7000,26580
2013-06-03,168.1000,172.5500,168.0000,168.3500,33499
2013-05-31,168.0000,175.9000,168.0000,170.5000,257623
2013-05-30,168.0000,171.3000,168.0000,169.5500,24084
2013-05-29,171.0000,173.5000,168.0500,171.1500,45135
2013-05-28,173.4000,175.0000,171.9000,172.2000,17324
2013-05-27,172.9500,176.0000,170.0000,173.0000,37741
2013-05-24,166.0000,175.5000,166.0000,174.8000,56708
2013-05-23,172.5000,173.9500,169.0000,169.9500,34830
2013-05-22,174.3000,175.4000,171.7000,172.0000,17037
2013-05-21,173.0000,176.5000,173.0000,175.7000,44307
2013-05-20,173.0000,175.9000,173.0000,174.5500,13553
2013-05-17,174.9500,176.7000,174.0000,174.7000,15849
2013-05-16,175.0000,176.8000,173.5500,174.3500,19899
2013-05-15,174.0500,177.0500,174.0500,176.3000,55645
2013-05-14,174.0000,177.0000,172.0000,176.1000,61559
2013-05-13,175.1000,177.4000,173.7500,173.9000,13014
2013-05-10,175.0000,178.6500,175.0000,176.5000,216483
2013-05-09,173.0000,179.0000,173.0000,177.8000,137489
2013-05-08,173.0000,177.8000,173.0000,177.0500,128503
2013-05-07,172.3000,176.9000,172.3000,175.6000,104575
2013-05-06,175.0000,179.0000,172.0000,175.1000,191634
2013-05-03,177.0000,177.7500,175.0500,175.6500,39362
2013-05-02,179.0000,179.2500,174.2500,176.1500,471516
2013-04-30,179.9000,183.0000,176.0000,177.8000,1928796
2013-04-29,178.5000,182.1000,174.7500,178.8000,904972
2013-04-26,176.1000,181.0500,176.1000,178.5000,1398468
2013-04-25,173.0000,178.1000,173.0000,176.1500,48718
2013-04-23,176.0000,178.0500,173.1500,175.1000,50025
2013-04-22,165.0000,181.9000,165.0000,179.9000,338085
2013-04-18,165.8000,172.0000,164.3000,170.2500,556273
2013-04-17,163.0000,172.0000,162.9500,169.9500,1060339
2013-04-16,167.8500,167.8500,160.5000,164.2000,188869
2013-04-15,168.1000,174.8000,159.2500,164.1000,783115
2013-04-12,173.0000,175.9000,169.2000,171.1500,91657
2013-04-11,178.2500,179.1000,173.6500,175.1000,12895
2013-04-10,171.1000,180.0000,171.1000,178.2500,115618
2013-04-09,178.4500,180.6000,173.6500,177.1000,783067
2013-04-08,177.5500,183.2500,177.2000,177.5000,43044
2013-04-05,180.4000,181.9500,178.2500,181.0000,209977
2013-04-04,180.0000,182.0000,176.5500,180.0000,932854
2013-04-03,183.3500,184.5500,180.5000,181.3500,890606
2013-04-02,177.0000,186.0000,176.0000,183.9000,202990
2013-04-01,176.9500,184.0000,174.0500,179.1500,172211
2013-03-28,177.4412,178.7001,176.8311,176.9500,26446
2013-03-26,168.0000,172.0000,167.4000,170.0000,3053335
2013-03-25,173.0000,174.9500,166.7000,170.2500,649932
2013-03-22,175.9000,175.9000,169.6000,173.1000,979167
2013-03-21,178.5000,180.3500,172.3500,173.9000,3101013
2013-03-20,181.9000,184.7000,176.1500,179.9000,560531
2013-03-19,185.0000,185.8000,180.1000,181.9000,296981
2013-03-18,186.9000,186.9000,179.6500,183.5000,101719
2013-03-15,190.0000,190.4000,184.1000,185.1000,174015
2013-03-14,189.2871,190.5779,189.2201,190.0000,18588
2013-03-13,188.0500,191.6000,188.0500,189.9000,579140
2013-03-12,192.5000,193.8500,189.3000,189.8500,416693
2013-03-11,193.7000,194.0000,189.9000,193.3000,389005
2013-03-08,195.4000,197.4500,191.5000,193.7000,237353
2013-03-07,196.9000,197.5000,193.1000,195.9500,255566
2013-03-06,196.5500,197.9500,194.3000,196.9500,1128179
2013-03-05,194.9000,196.6000,191.0500,195.6000,421920
2013-03-04,187.7500,192.8500,187.7500,192.2500,134278
2013-03-01,181.0000,194.6500,181.0000,190.8000,1026599
2013-02-28,185.0000,194.9000,185.0000,191.9000,3208335
2013-02-27,196.8500,196.8500,175.5500,184.5500,1815408
2013-02-26,191.1500,193.5000,189.4000,192.0500,324124
2013-02-25,199.0000,199.0000,188.7500,192.0500,770743
2013-02-22,195.9000,195.9000,188.0000,191.6000,685089
2013-02-21,196.4000,197.0000,194.1500,194.8000,217043
2013-02-20,193.9500,197.0000,192.3500,196.0500,214534
2013-02-19,197.2500,197.2500,190.1000,191.6000,38966
2013-02-18,188.0000,192.7000,186.7000,191.9000,820340
2013-02-15,192.8000,192.8000,181.9500,188.1500,891987
2013-02-14,195.1000,195.5500,191.5000,192.8000,192159
2013-02-13,202.6500,202.6500,194.4500,195.1000,294907
2013-02-12,203.0500,204.6000,195.0000,200.3500,164404
2013-02-11,201.1500,207.4000,201.1500,203.3500,56809
2013-02-08,207.9500,208.7500,204.4500,206.9500,1147102
2013-02-07,210.8500,210.8500,207.0000,207.5500,55628
2013-02-06,210.2500,211.5000,209.2500,210.0000,1068489
2013-02-05,208.9000,211.9000,207.4500,209.8500,310499
2013-02-04,208.7500,211.0000,206.3500,209.9500,972954
2013-02-01,202.2500,210.9000,202.2500,206.0000,535714
2013-01-31,209.8500,211.2500,201.0000,204.2500,477136
2013-01-30,215.0000,215.0000,208.1000,209.9500,1254754
2013-01-29,210.6500,216.0000,210.0000,212.1500,1297700
2013-01-28,209.0000,211.5000,208.0000,210.3000,619340
2013-01-25,206.9500,209.5000,204.6500,208.3000,446416
2013-01-24,204.6500,210.4000,204.5500,206.1000,1658900
2013-01-23,205.0000,205.1500,203.1500,204.6000,632500
2013-01-22,205.1000,206.3500,204.1500,205.0500,645165
2013-01-21,206.8500,207.5000,204.5000,205.0500,599417
2013-01-18,206.3500,206.6500,204.1000,205.0000,1219799
2013-01-17,206.6000,207.7000,204.2000,204.9500,1583997
2013-01-16,205.8500,210.0000,202.5000,204.4000,522978
2013-01-15,207.9500,208.6500,204.0000,205.2500,308822
2013-01-14,205.2000,208.2500,202.9000,207.8000,440016
2013-01-11,204.4000,206.8000,203.6000,205.4500,560597
2013-01-10,205.0000,207.0000,203.0000,205.1000,1061770
2013-01-09,204.2500,207.9000,203.3000,205.0500,1316038
2013-01-08,207.5500,211.0500,201.7000,202.9500,1310534
2013-01-07,207.8500,209.0000,206.1000,207.4000,2632614
2013-01-04,205.0000,210.0000,202.3500,207.1500,4188477
2013-01-03,200.0000,206.5000,200.0000,204.3500,3626134
2013-01-02,198.3000,204.3500,197.0000,201.5000,5470399
2013-01-01,194.7000,199.8000,194.0000,197.7500,2619486
2012-12-31,191.8500,195.5000,188.2500,193.7000,6021827
2012-12-28,200.0000,200.8500,188.6500,191.6500,35351056
